9.953689575195312500e+01 4.818812866210937500e+02 8.667337036132812500e+01 1.242669677734375000e+02 1.277414474487304688e+02 3.372187988281250000e+03 1.647020568847656250e+02 1.643224182128906250e+02 1.751248046875000000e+03 3.453862915039062500e+02 2.847247314453125000e+02 3.481697387695312500e+02 5.762421875000000000e+02 1.319239196777343750e+02 2.688587036132812500e+02 3.491087036132812500e+02
9.798176574707031250e+01 4.850090637207031250e+02 8.350559997558593750e+01 1.267617568969726562e+02 1.289191894531250000e+02 3.295518066406250000e+03 1.629784088134765625e+02 1.643671875000000000e+02 1.736650268554687500e+03 3.401336059570312500e+02 2.896045227050781250e+02 3.506826171875000000e+02 5.790753173828125000e+02 1.232865447998046875e+02 2.786017456054687500e+02 3.536143188476562500e+02
9.413618469238281250e+01 4.871478881835937500e+02 7.850631713867187500e+01 1.280195007324218750e+02 1.299385070800781250e+02 3.197421386718750000e+03 1.624931030273437500e+02 1.639863891601562500e+02 1.766212890625000000e+03 3.369606323242187500e+02 2.892157897949218750e+02 3.508439941406250000e+02 5.743136596679687500e+02 1.159470977783203125e+02 2.848612060546875000e+02 3.544085998535156250e+02
9.762207794189453125e+01 4.852915039062500000e+02 7.223912048339843750e+01 1.256560592651367188e+02 1.306623535156250000e+02 3.062393066406250000e+03 1.595424499511718750e+02 1.596005706787109375e+02 1.734619873046875000e+03 3.329821166992187500e+02 2.828994750976562500e+02 3.504201049804687500e+02 5.840893554687500000e+02 1.151651153564453125e+02 2.872988586425781250e+02 3.485518493652343750e+02
9.386182403564453125e+01 4.791003723144531250e+02 6.816629791259765625e+01 1.166859588623046875e+02 1.305162658691406250e+02 3.009118164062500000e+03 1.548114318847656250e+02 1.553487396240234375e+02 1.666266113281250000e+03 3.321505126953125000e+02 2.787588500976562500e+02 3.499421997070312500e+02 5.750191650390625000e+02 1.123144989013671875e+02 2.877535095214843750e+02 3.410380554199218750e+02
8.505368041992187500e+01 4.642897338867187500e+02 6.146049880981445312e+01 1.071709136962890625e+02 1.286192321777343750e+02 2.959658691406250000e+03 1.484532928466796875e+02 1.528028869628906250e+02 1.610394409179687500e+03 3.287226257324218750e+02 2.708639526367187500e+02 3.462735595703125000e+02 5.657596435546875000e+02 1.099506988525390625e+02 2.805110778808593750e+02 3.353463439941406250e+02
7.841373443603515625e+01 4.591675415039062500e+02 5.347377014160156250e+01 9.676771545410156250e+01 1.269945068359375000e+02 2.921129150390625000e+03 1.495286407470703125e+02 1.490631866455078125e+02 1.528881103515625000e+03 3.267243347167968750e+02 2.673510742187500000e+02 3.434543457031250000e+02 5.603663330078125000e+02 1.053457031250000000e+02 2.752349243164062500e+02 3.278634033203125000e+02
7.428231811523437500e+01 4.496725463867187500e+02 5.005929565429687500e+01 8.938391113281250000e+01 1.258030700683593750e+02 2.929508300781250000e+03 1.440634002685546875e+02 1.453205108642578125e+02 1.466790283203125000e+03 3.181236267089843750e+02 2.650393371582031250e+02 3.405231323242187500e+02 5.490016479492187500e+02 1.015736389160156250e+02 2.522571411132812500e+02 3.195173339843750000e+02
7.134932708740234375e+01 4.447256164550781250e+02 4.323052978515625000e+01 8.572109985351562500e+01 1.242212905883789062e+02 2.922408935546875000e+03 1.433980407714843750e+02 1.404318542480468750e+02 1.445416625976562500e+03 3.118660888671875000e+02 2.649293212890625000e+02 3.370940551757812500e+02 5.242158203125000000e+02 9.982223510742187500e+01 2.359662933349609375e+02 3.193899536132812500e+02
7.394884490966796875e+01 4.475278930664062500e+02 3.859819412231445312e+01 8.695892333984375000e+01 1.235264282226562500e+02 2.945711425781250000e+03 1.435994567871093750e+02 1.429440917968750000e+02 1.416822753906250000e+03 3.132588806152343750e+02 2.709473876953125000e+02 3.367470092773437500e+02 5.064647827148437500e+02 1.000330734252929688e+02 2.264161376953125000e+02 3.195311279296875000e+02
7.423606109619140625e+01 4.576786804199218750e+02 4.068275451660156250e+01 9.031842041015625000e+01 1.243806304931640625e+02 2.970998779296875000e+03 1.449645996093750000e+02 1.455514221191406250e+02 1.386329956054687500e+03 3.178549499511718750e+02 2.789482421875000000e+02 3.366881103515625000e+02 5.161419067382812500e+02 9.986346435546875000e+01 2.257610931396484375e+02 3.246109619140625000e+02
7.665367126464843750e+01 4.717061157226562500e+02 4.143231964111328125e+01 9.686444091796875000e+01 1.256216201782226562e+02 2.980766113281250000e+03 1.473672027587890625e+02 1.489982604980468750e+02 1.387905395507812500e+03 3.296212158203125000e+02 2.906086425781250000e+02 3.378085327148437500e+02 5.290148925781250000e+02 1.026913681030273438e+02 2.257959442138671875e+02 3.316991577148437500e+02
8.002857971191406250e+01 4.898500061035156250e+02 4.447162246704101562e+01 1.047406311035156250e+02 1.280206298828125000e+02 3.020646484375000000e+03 1.503000946044921875e+02 1.543470764160156250e+02 1.433681518554687500e+03 3.426410827636718750e+02 3.049165039062500000e+02 3.404136962890625000e+02 5.423900146484375000e+02 1.074396972656250000e+02 2.380819854736328125e+02 3.462896728515625000e+02
8.683721923828125000e+01 5.110025939941406250e+02 5.036821365356445312e+01 1.149195404052734375e+02 1.294934082031250000e+02 3.066018554687500000e+03 1.560385437011718750e+02 1.625954742431640625e+02 1.429620727539062500e+03 3.524053649902343750e+02 3.199152221679687500e+02 3.430608215332031250e+02 5.550185546875000000e+02 1.132247543334960938e+02 2.401355743408203125e+02 3.621582031250000000e+02
9.183230590820312500e+01 5.230551147460937500e+02 5.462973022460937500e+01 1.263596343994140625e+02 1.308353118896484375e+02 3.114162597656250000e+03 1.618982238769531250e+02 1.682807617187500000e+02 1.453138916015625000e+03 3.696886901855468750e+02 3.289461669921875000e+02 3.436479187011718750e+02 5.609388427734375000e+02 1.179323730468750000e+02 2.423701019287109375e+02 3.751168518066406250e+02
9.529997253417968750e+01 5.307910766601562500e+02 5.651555633544921875e+01 1.356852111816406250e+02 1.309995422363281250e+02 3.170023925781250000e+03 1.634116516113281250e+02 1.688283538818359375e+02 1.417702880859375000e+03 3.840476074218750000e+02 3.345035095214843750e+02 3.418973083496093750e+02 5.642419433593750000e+02 1.212338485717773438e+02 2.425097961425781250e+02 3.826667175292968750e+02
9.829547882080078125e+01 5.391690063476562500e+02 6.005606460571289062e+01 1.461068420410156250e+02 1.318260803222656250e+02 3.254044677734375000e+03 1.674914398193359375e+02 1.744718322753906250e+02 1.427019653320312500e+03 3.966559448242187500e+02 3.425445556640625000e+02 3.445348815917968750e+02 5.668055419921875000e+02 1.235255737304687500e+02 2.405056762695312500e+02 3.914815979003906250e+02
9.893113708496093750e+01 5.416579589843750000e+02 6.236057662963867188e+01 1.542903137207031250e+02 1.317088928222656250e+02 3.262084960937500000e+03 1.692542724609375000e+02 1.752719726562500000e+02 1.445893066406250000e+03 4.024369812011718750e+02 3.419240112304687500e+02 3.436837463378906250e+02 5.661663208007812500e+02 1.241712493896484375e+02 2.375012817382812500e+02 3.998949584960937500e+02
1.005538024902343750e+02 5.437117309570312500e+02 6.466239929199218750e+01 1.597092590332031250e+02 1.325684814453125000e+02 3.329684326171875000e+03 1.693685913085937500e+02 1.761667938232421875e+02 1.444299316406250000e+03 4.038281250000000000e+02 3.436618652343750000e+02 3.429426879882812500e+02 5.743391723632812500e+02 1.268960266113281250e+02 2.458805084228515625e+02 4.102028808593750000e+02
1.011667709350585938e+02 5.387410278320312500e+02 6.539918518066406250e+01 1.656293640136718750e+02 1.332559509277343750e+02 3.413369140625000000e+03 1.674730072021484375e+02 1.779570007324218750e+02 1.450010986328125000e+03 4.068198242187500000e+02 3.456658020019531250e+02 3.429393920898437500e+02 5.788491210937500000e+02 1.294206390380859375e+02 2.495412292480468750e+02 4.196926269531250000e+02
1.049274520874023438e+02 5.334965209960937500e+02 6.309840011596679688e+01 1.684849853515625000e+02 1.327708282470703125e+02 3.437740722656250000e+03 1.683970794677734375e+02 1.761989746093750000e+02 1.430524658203125000e+03 4.048385925292968750e+02 3.409011230468750000e+02 3.399496154785156250e+02 5.770920410156250000e+02 1.298120269775390625e+02 2.531886291503906250e+02 4.257509765625000000e+02
1.062037811279296875e+02 5.337723388671875000e+02 6.538250732421875000e+01 1.728439636230468750e+02 1.324262390136718750e+02 3.474737792968750000e+03 1.679739074707031250e+02 1.764139404296875000e+02 1.463988159179687500e+03 3.947746582031250000e+02 3.404175415039062500e+02 3.406038818359375000e+02 5.689405517578125000e+02 1.278646850585937500e+02 2.472085113525390625e+02 4.234444885253906250e+02
8.648512268066406250e+01 4.478188476562500000e+02 4.549089813232421875e+01 1.267797393798828125e+02 1.141203918457031250e+02 3.249416748046875000e+03 1.440691833496093750e+02 1.436432495117187500e+02 1.331840820312500000e+03 3.451546020507812500e+02 2.770487060546875000e+02 2.991033020019531250e+02 5.170017700195312500e+02 1.076677169799804688e+02 2.168395385742187500e+02 3.680238647460937500e+02
8.610444641113281250e+01 4.409993286132812500e+02 4.408592987060546875e+01 1.286842651367187500e+02 1.123086242675781250e+02 3.176661132812500000e+03 1.425699768066406250e+02 1.417990112304687500e+02 1.336286499023437500e+03 3.648559570312500000e+02 2.722862548828125000e+02 2.884015808105468750e+02 5.268865966796875000e+02 1.052629852294921875e+02 2.130521392822265625e+02 3.605336303710937500e+02
8.635859680175781250e+01 4.427334899902343750e+02 4.543925094604492188e+01 1.320025634765625000e+02 1.142377471923828125e+02 3.216417968750000000e+03 1.412650909423828125e+02 1.435635986328125000e+02 1.346481689453125000e+03 3.817285156250000000e+02 2.725978698730468750e+02 2.974365234375000000e+02 5.386170043945312500e+02 1.053018188476562500e+02 2.174950866699218750e+02 3.622877807617187500e+02
8.587289428710937500e+01 4.383135375976562500e+02 4.465730285644531250e+01 1.321576385498046875e+02 1.135843658447265625e+02 3.172139160156250000e+03 1.425841674804687500e+02 1.411669006347656250e+02 1.320996826171875000e+03 3.846942443847656250e+02 2.696808471679687500e+02 2.999246520996093750e+02 5.395734863281250000e+02 1.044922637939453125e+02 2.121260986328125000e+02 3.564741210937500000e+02
8.251094818115234375e+01 4.367257385253906250e+02 4.378163909912109375e+01 1.312882843017578125e+02 1.151820831298828125e+02 3.164647949218750000e+03 1.428515777587890625e+02 1.389391937255859375e+02 1.307500000000000000e+03 3.722717895507812500e+02 2.649386291503906250e+02 3.013589172363281250e+02 5.309124755859375000e+02 1.028070678710937500e+02 2.088085327148437500e+02 3.533165893554687500e+02
8.227960205078125000e+01 4.425965576171875000e+02 4.322502899169921875e+01 1.315737304687500000e+02 1.178454895019531250e+02 3.180463867187500000e+03 1.410573730468750000e+02 1.366111145019531250e+02 1.302296264648437500e+03 3.714365234375000000e+02 2.676619873046875000e+02 3.112456665039062500e+02 5.339179687500000000e+02 1.014592056274414062e+02 2.085366210937500000e+02 3.557240295410156250e+02
7.956549072265625000e+01 4.444339599609375000e+02 4.406849670410156250e+01 1.288364562988281250e+02 1.194292984008789062e+02 3.223287841796875000e+03 1.395610046386718750e+02 1.372127685546875000e+02 1.317761962890625000e+03 3.761922607421875000e+02 2.645110473632812500e+02 3.176688232421875000e+02 5.396435546875000000e+02 1.019179534912109375e+02 2.050740661621093750e+02 3.587423706054687500e+02
7.898889923095703125e+01 4.432878417968750000e+02 4.192480850219726562e+01 1.236384735107421875e+02 1.193041076660156250e+02 3.251428222656250000e+03 1.392899017333984375e+02 1.347132568359375000e+02 1.320800781250000000e+03 3.618253479003906250e+02 2.600023803710937500e+02 3.165392150878906250e+02 5.320142822265625000e+02 1.024162750244140625e+02 1.971968383789062500e+02 3.586284179687500000e+02
7.770240783691406250e+01 4.497434692382812500e+02 4.140868377685546875e+01 1.242991027832031250e+02 1.212692260742187500e+02 3.289813720703125000e+03 1.381539306640625000e+02 1.392338409423828125e+02 1.324944458007812500e+03 3.548998718261718750e+02 2.606661071777343750e+02 3.214525146484375000e+02 5.324050292968750000e+02 1.007821426391601562e+02 1.884223022460937500e+02 3.559940185546875000e+02
7.668577575683593750e+01 4.451343688964843750e+02 4.221640396118164062e+01 1.240346679687500000e+02 1.215925903320312500e+02 3.268108398437500000e+03 1.355444793701171875e+02 1.390126647949218750e+02 1.294391113281250000e+03 3.472402648925781250e+02 2.582422790527343750e+02 3.226514282226562500e+02 5.349940795898437500e+02 1.003547973632812500e+02 1.865900573730468750e+02 3.521224975585937500e+02
7.621549987792968750e+01 4.420058593750000000e+02 4.265148162841796875e+01 1.265130081176757812e+02 1.198005371093750000e+02 3.311037109375000000e+03 1.337584381103515625e+02 1.362034912109375000e+02 1.286146362304687500e+03 3.463361816406250000e+02 2.561335144042968750e+02 3.234240417480468750e+02 5.378965454101562500e+02 1.009171295166015625e+02 1.875951995849609375e+02 3.496892700195312500e+02
7.960729980468750000e+01 4.377808532714843750e+02 4.325164794921875000e+01 1.259671096801757812e+02 1.170292282104492188e+02 3.345983398437500000e+03 1.344906311035156250e+02 1.350561218261718750e+02 1.264395385742187500e+03 3.366004638671875000e+02 2.538653717041015625e+02 3.247334289550781250e+02 5.376544189453125000e+02 1.000037078857421875e+02 1.922751159667968750e+02 3.500878295898437500e+02
8.043766784667968750e+01 4.444112548828125000e+02 4.615702819824218750e+01 1.278780670166015625e+02 1.179012145996093750e+02 3.517902587890625000e+03 1.393088226318359375e+02 1.368067626953125000e+02 1.301194824218750000e+03 3.351873779296875000e+02 2.573843383789062500e+02 3.234940490722656250e+02 5.409425659179687500e+02 9.931475830078125000e+01 2.028703613281250000e+02 3.487882690429687500e+02
8.028701782226562500e+01 4.522577514648437500e+02 4.521841430664062500e+01 1.213903961181640625e+02 1.172048416137695312e+02 3.619949218750000000e+03 1.430591278076171875e+02 1.387109069824218750e+02 1.260936645507812500e+03 3.286925048828125000e+02 2.584504394531250000e+02 3.263889770507812500e+02 5.297270507812500000e+02 9.900523376464843750e+01 2.046196899414062500e+02 3.544501342773437500e+02
8.589927673339843750e+01 4.531943359375000000e+02 4.723078155517578125e+01 1.195325622558593750e+02 1.170491104125976562e+02 3.691083007812500000e+03 1.437868652343750000e+02 1.392543792724609375e+02 1.267817749023437500e+03 3.311013183593750000e+02 2.566113281250000000e+02 3.263696594238281250e+02 5.349174194335937500e+02 9.912477111816406250e+01 2.052559509277343750e+02 3.570476074218750000e+02
8.681088256835937500e+01 4.498254699707031250e+02 4.546462631225585938e+01 1.167022705078125000e+02 1.166004486083984375e+02 3.608053222656250000e+03 1.427620849609375000e+02 1.379893341064453125e+02 1.296597778320312500e+03 3.369998168945312500e+02 2.560863037109375000e+02 3.251942138671875000e+02 5.465772705078125000e+02 9.837968444824218750e+01 1.999379730224609375e+02 3.525948486328125000e+02
8.228494262695312500e+01 4.478164062500000000e+02 4.623857116699218750e+01 1.149537353515625000e+02 1.173852539062500000e+02 3.586955810546875000e+03 1.417431335449218750e+02 1.361487426757812500e+02 1.345850585937500000e+03 3.362756958007812500e+02 2.549662017822265625e+02 3.207391357421875000e+02 5.540330810546875000e+02 1.011972961425781250e+02 1.972368774414062500e+02 3.456384277343750000e+02
8.265605163574218750e+01 4.474714660644531250e+02 5.312480163574218750e+01 1.147735595703125000e+02 1.174650650024414062e+02 3.601864257812500000e+03 1.407840270996093750e+02 1.365191345214843750e+02 1.364111083984375000e+03 3.294823303222656250e+02 2.530401000976562500e+02 3.230378112792968750e+02 5.615643310546875000e+02 1.078343048095703125e+02 2.082182464599609375e+02 3.417141418457031250e+02
8.527372741699218750e+01 4.570664672851562500e+02 5.957831954956054688e+01 1.173878021240234375e+02 1.182852935791015625e+02 3.682796875000000000e+03 1.399447326660156250e+02 1.393412780761718750e+02 1.361067260742187500e+03 3.222489013671875000e+02 2.572665405273437500e+02 3.266515808105468750e+02 5.620590820312500000e+02 1.133366088867187500e+02 2.278634796142578125e+02 3.446818237304687500e+02
8.390663146972656250e+01 4.551394653320312500e+02 6.171745300292968750e+01 1.164494628906250000e+02 1.195164337158203125e+02 3.701895996093750000e+03 1.414294128417968750e+02 1.368343658447265625e+02 1.354935058593750000e+03 3.197158813476562500e+02 2.577657470703125000e+02 3.246702575683593750e+02 5.592174072265625000e+02 1.138769454956054688e+02 2.467285156250000000e+02 3.469461669921875000e+02
8.659738159179687500e+01 4.583588562011718750e+02 6.371492385864257812e+01 1.179380645751953125e+02 1.207335815429687500e+02 3.778762207031250000e+03 1.429052886962890625e+02 1.359629516601562500e+02 1.350006835937500000e+03 3.250202026367187500e+02 2.591812133789062500e+02 3.271572570800781250e+02 5.600718994140625000e+02 1.196222381591796875e+02 2.601184082031250000e+02 3.535260925292968750e+02
8.802251434326171875e+01 4.613611450195312500e+02 6.378738403320312500e+01 1.228629760742187500e+02 1.212697372436523438e+02 3.805686523437500000e+03 1.435248107910156250e+02 1.347049255371093750e+02 1.472878295898437500e+03 3.237054748535156250e+02 2.635400085449218750e+02 3.278064880371093750e+02 5.646765136718750000e+02 1.208226013183593750e+02 2.713803405761718750e+02 3.631105041503906250e+02
8.755285644531250000e+01 4.569035034179687500e+02 6.312102127075195312e+01 1.223942413330078125e+02 1.211432113647460938e+02 3.803566406250000000e+03 1.424680938720703125e+02 1.329972839355468750e+02 1.559556762695312500e+03 3.200692749023437500e+02 2.615574340820312500e+02 3.239791870117187500e+02 5.671640014648437500e+02 1.179343490600585938e+02 2.711507568359375000e+02 3.694546508789062500e+02
9.160363769531250000e+01 4.573050537109375000e+02 6.629830932617187500e+01 1.229024963378906250e+02 1.223990173339843750e+02 3.748307373046875000e+03 1.438923034667968750e+02 1.341151733398437500e+02 1.599821411132812500e+03 3.163542480468750000e+02 2.623466796875000000e+02 3.257431640625000000e+02 5.678819580078125000e+02 1.266862030029296875e+02 2.784386596679687500e+02 3.695731201171875000e+02
9.416258239746093750e+01 4.671315917968750000e+02 6.878154754638671875e+01 1.266541290283203125e+02 1.257529144287109375e+02 3.791527099609375000e+03 1.476010742187500000e+02 1.335889129638671875e+02 1.687270996093750000e+03 3.205147094726562500e+02 2.689219360351562500e+02 3.284030456542968750e+02 5.711406860351562500e+02 1.362631530761718750e+02 2.734960937500000000e+02 3.828175048828125000e+02
9.207736206054687500e+01 4.740589294433593750e+02 6.624939727783203125e+01 1.278705520629882812e+02 1.269666213989257812e+02 3.757280273437500000e+03 1.469424743652343750e+02 1.322007446289062500e+02 1.742166748046875000e+03 3.227748718261718750e+02 2.668955383300781250e+02 3.275857238769531250e+02 5.690103149414062500e+02 1.335222778320312500e+02 2.785193481445312500e+02 3.884334716796875000e+02
8.900585174560546875e+01 4.704699707031250000e+02 5.972698211669921875e+01 1.313551177978515625e+02 1.262595062255859375e+02 3.770145751953125000e+03 1.449886627197265625e+02 1.333017272949218750e+02 1.750775146484375000e+03 3.241497192382812500e+02 2.654869995117187500e+02 3.184752807617187500e+02 5.665733642578125000e+02 1.323363952636718750e+02 2.786701354980468750e+02 3.831045227050781250e+02
8.567492675781250000e+01 4.695928344726562500e+02 5.438457107543945312e+01 1.337413330078125000e+02 1.251947708129882812e+02 3.743020996093750000e+03 1.447144775390625000e+02 1.319058532714843750e+02 1.780602294921875000e+03 3.260444946289062500e+02 2.661292419433593750e+02 3.115774230957031250e+02 5.691162109375000000e+02 1.340701904296875000e+02 2.698122253417968750e+02 3.819843139648437500e+02
8.415420532226562500e+01 4.859849243164062500e+02 5.701088714599609375e+01 1.445627441406250000e+02 1.280653686523437500e+02 3.773560546875000000e+03 1.455171051025390625e+02 1.350619812011718750e+02 1.758862304687500000e+03 3.330076904296875000e+02 2.729571533203125000e+02 3.214179687500000000e+02 5.764167480468750000e+02 1.318157348632812500e+02 2.719808959960937500e+02 3.868789367675781250e+02
8.737368011474609375e+01 4.921502685546875000e+02 5.953990173339843750e+01 1.472259826660156250e+02 1.306941223144531250e+02 3.710560791015625000e+03 1.470605163574218750e+02 1.362946166992187500e+02 1.704575561523437500e+03 3.590960693359375000e+02 2.817334899902343750e+02 3.292516784667968750e+02 5.761506347656250000e+02 1.269513473510742188e+02 2.745589599609375000e+02 3.944932861328125000e+02
