1.029771423339843750e+02 4.208959350585937500e+02 6.015833282470703125e+01 8.102676391601562500e+01 1.529668121337890625e+02 2.836067138671875000e+03 1.514364318847656250e+02 1.500525817871093750e+02 1.562265991210937500e+03 3.065890808105468750e+02 2.375046539306640625e+02 3.900186767578125000e+02 5.533427734375000000e+02 1.150881118774414062e+02 2.726944274902343750e+02 3.142583618164062500e+02
9.185465240478515625e+01 4.236718750000000000e+02 5.778356170654296875e+01 8.139953613281250000e+01 1.564693756103515625e+02 2.771122070312500000e+03 1.484516906738281250e+02 1.472950439453125000e+02 1.496606811523437500e+03 2.951421508789062500e+02 2.438029022216796875e+02 3.959073486328125000e+02 5.487830200195312500e+02 1.070983123779296875e+02 2.793886413574218750e+02 3.205902099609375000e+02
8.203279113769531250e+01 4.252247924804687500e+02 5.364645385742187500e+01 8.131420898437500000e+01 1.604941101074218750e+02 2.736216796875000000e+03 1.478771057128906250e+02 1.454444732666015625e+02 1.622758911132812500e+03 2.921210937500000000e+02 2.403573608398437500e+02 3.950163574218750000e+02 5.120242309570312500e+02 1.003293457031250000e+02 2.678462829589843750e+02 3.192764892578125000e+02
9.636958312988281250e+01 4.258146362304687500e+02 4.751552581787109375e+01 7.945320129394531250e+01 1.638146057128906250e+02 2.718350585937500000e+03 1.425276184082031250e+02 1.374052429199218750e+02 1.555350341796875000e+03 2.936429443359375000e+02 2.320792999267578125e+02 3.945383911132812500e+02 5.635551147460937500e+02 1.107994918823242188e+02 2.591377868652343750e+02 3.098497924804687500e+02
9.028160858154296875e+01 4.407680664062500000e+02 4.820616531372070312e+01 7.805450439453125000e+01 1.673207702636718750e+02 3.018767578125000000e+03 1.413730468750000000e+02 1.390433044433593750e+02 1.464219116210937500e+03 3.216566772460937500e+02 2.466099243164062500e+02 4.009243164062500000e+02 5.296639404296875000e+02 1.105282516479492188e+02 2.597685852050781250e+02 3.105480957031250000e+02
7.869722747802734375e+01 4.382199096679687500e+02 4.718968963623046875e+01 7.935775756835937500e+01 1.684460144042968750e+02 2.912966308593750000e+03 1.373710021972656250e+02 1.483038330078125000e+02 1.444271972656250000e+03 3.286923217773437500e+02 2.535394897460937500e+02 3.989202880859375000e+02 5.284740600585937500e+02 1.081701354980468750e+02 2.391652984619140625e+02 3.197448120117187500e+02
7.406600952148437500e+01 4.654376831054687500e+02 4.512105178833007812e+01 8.030177307128906250e+01 1.702855529785156250e+02 2.976485839843750000e+03 1.566658782958984375e+02 1.502969512939453125e+02 1.429600219726562500e+03 3.453396911621093750e+02 2.706096801757812500e+02 4.015301208496093750e+02 5.680041503906250000e+02 1.048956069946289062e+02 2.475780639648437500e+02 3.201610107421875000e+02
7.593792724609375000e+01 4.747946777343750000e+02 5.076372146606445312e+01 8.539526367187500000e+01 1.745671234130859375e+02 3.128224609375000000e+03 1.499644470214843750e+02 1.551238555908203125e+02 1.448568115234375000e+03 3.395919799804687500e+02 2.901910095214843750e+02 4.048692626953125000e+02 6.026387939453125000e+02 1.043385925292968750e+02 2.239199676513671875e+02 3.192173461914062500e+02
7.352487182617187500e+01 4.696275634765625000e+02 4.716418457031250000e+01 8.594960021972656250e+01 1.730439758300781250e+02 3.027799560546875000e+03 1.531957702636718750e+02 1.462435913085937500e+02 1.441273803710937500e+03 3.299242858886718750e+02 2.893903808593750000e+02 3.989006958007812500e+02 5.959706420898437500e+02 1.038587722778320312e+02 2.231823577880859375e+02 3.231268310546875000e+02
7.973638916015625000e+01 4.657270812988281250e+02 4.491224670410156250e+01 8.990162658691406250e+01 1.734181213378906250e+02 3.317230712890625000e+03 1.487093963623046875e+02 1.531625518798828125e+02 1.400585693359375000e+03 3.246600036621093750e+02 2.954537658691406250e+02 4.040943908691406250e+02 5.590722045898437500e+02 1.038067779541015625e+02 2.223338775634765625e+02 3.197473144531250000e+02
7.680439758300781250e+01 4.750927734375000000e+02 5.016473007202148438e+01 9.119117736816406250e+01 1.749766540527343750e+02 3.368386718750000000e+03 1.468927612304687500e+02 1.525859680175781250e+02 1.360492919921875000e+03 3.313136596679687500e+02 2.990119018554687500e+02 4.027855834960937500e+02 5.865485229492187500e+02 1.010500640869140625e+02 2.292690429687500000e+02 3.263822631835937500e+02
7.347509765625000000e+01 4.757134704589843750e+02 4.561775207519531250e+01 9.175198364257812500e+01 1.733662261962890625e+02 3.195873291015625000e+03 1.455115966796875000e+02 1.489358520507812500e+02 1.342870727539062500e+03 3.402273254394531250e+02 3.051369018554687500e+02 3.970540771484375000e+02 5.756831665039062500e+02 1.044729995727539062e+02 2.205056915283203125e+02 3.275759887695312500e+02
7.413146209716796875e+01 4.716185302734375000e+02 4.282794189453125000e+01 8.984132385253906250e+01 1.744795532226562500e+02 3.111236816406250000e+03 1.413091125488281250e+02 1.458104858398437500e+02 1.340544433593750000e+03 3.433845825195312500e+02 3.016149291992187500e+02 3.934256286621093750e+02 5.531817626953125000e+02 1.063901062011718750e+02 2.456944427490234375e+02 3.409970703125000000e+02
8.515890502929687500e+01 4.682205810546875000e+02 4.482207107543945312e+01 8.750489807128906250e+01 1.715343017578125000e+02 2.996014160156250000e+03 1.392671203613281250e+02 1.479833374023437500e+02 1.291048706054687500e+03 3.279840393066406250e+02 2.950080261230468750e+02 3.897556152343750000e+02 5.504163818359375000e+02 1.080469741821289062e+02 2.273739929199218750e+02 3.448774719238281250e+02
7.867093658447265625e+01 4.506658325195312500e+02 4.307739257812500000e+01 8.389916992187500000e+01 1.707030639648437500e+02 2.901535888671875000e+03 1.399834289550781250e+02 1.439943695068359375e+02 1.261128051757812500e+03 3.360669250488281250e+02 2.829737548828125000e+02 3.758328857421875000e+02 5.235172119140625000e+02 1.058535766601562500e+02 2.243053436279296875e+02 3.451100463867187500e+02
7.366513824462890625e+01 4.370686035156250000e+02 3.830019378662109375e+01 7.841999816894531250e+01 1.642732849121093750e+02 2.828061035156250000e+03 1.332257537841796875e+02 1.331631469726562500e+02 1.202641357421875000e+03 3.422515869140625000e+02 2.713444824218750000e+02 3.498215332031250000e+02 5.078377685546875000e+02 1.042509918212890625e+02 2.174957427978515625e+02 3.381952514648437500e+02
7.624710083007812500e+01 4.334270324707031250e+02 3.980746078491210938e+01 7.704040527343750000e+01 1.646370849609375000e+02 2.782583496093750000e+03 1.345233764648437500e+02 1.389157867431640625e+02 1.230530029296875000e+03 3.465126953125000000e+02 2.711806030273437500e+02 3.649050292968750000e+02 5.034370727539062500e+02 1.055274353027343750e+02 2.099133453369140625e+02 3.411278381347656250e+02
6.874687194824218750e+01 4.154780883789062500e+02 3.891049194335937500e+01 6.988690185546875000e+01 1.577880554199218750e+02 2.707610839843750000e+03 1.300500183105468750e+02 1.302762298583984375e+02 1.235088378906250000e+03 3.407300109863281250e+02 2.534264068603515625e+02 3.536376342773437500e+02 4.698161010742187500e+02 1.010447616577148438e+02 2.053750762939453125e+02 3.449309082031250000e+02
6.265894317626953125e+01 3.911349792480468750e+02 3.471773910522460938e+01 5.735768127441406250e+01 1.575372924804687500e+02 2.685798339843750000e+03 1.208361282348632812e+02 1.221917572021484375e+02 1.174143920898437500e+03 3.189060058593750000e+02 2.383281860351562500e+02 3.393406677246093750e+02 4.795061035156250000e+02 1.016624832153320312e+02 2.154149169921875000e+02 3.491820678710937500e+02
5.465157318115234375e+01 3.486969909667968750e+02 2.329668045043945312e+01 4.406254577636718750e+01 1.506846008300781250e+02 2.541202148437500000e+03 1.089854888916015625e+02 1.125330657958984375e+02 1.111159301757812500e+03 3.024055786132812500e+02 2.185818328857421875e+02 3.235481262207031250e+02 4.309738464355468750e+02 9.784275817871093750e+01 2.083883209228515625e+02 3.364841308593750000e+02
5.541590118408203125e+01 3.097554931640625000e+02 1.001480484008789062e+01 2.885212707519531250e+01 1.304075012207031250e+02 2.412881347656250000e+03 1.021769714355468750e+02 9.627600097656250000e+01 1.011021972656250000e+03 2.729307250976562500e+02 1.848827667236328125e+02 2.732104797363281250e+02 3.611951904296875000e+02 8.875303649902343750e+01 1.822881927490234375e+02 3.131439819335937500e+02
4.839551544189453125e+01 2.866986083984375000e+02 5.907684326171875000e+00 1.900138854980468750e+01 1.095638122558593750e+02 2.237013671875000000e+03 9.483950042724609375e+01 8.615830993652343750e+01 1.064560668945312500e+03 2.378538360595703125e+02 1.646162719726562500e+02 2.584842529296875000e+02 2.850585327148437500e+02 7.796279144287109375e+01 1.575478210449218750e+02 2.808529052734375000e+02
3.606385803222656250e+01 2.356124572753906250e+02 -2.968544006347656250e+00 -5.702972412109375000e+00 8.325936126708984375e+01 2.026142578125000000e+03 8.059874725341796875e+01 6.640481567382812500e+01 9.628816528320312500e+02 1.992330780029296875e+02 1.267890014648437500e+02 2.085216827392578125e+02 2.837211608886718750e+02 6.414747619628906250e+01 1.371252288818359375e+02 2.440305175781250000e+02
7.652507781982421875e+01 3.861625366210937500e+02 4.897968673706054688e+01 1.021968231201171875e+02 1.452327117919921875e+02 2.672200195312500000e+03 1.246523666381835938e+02 1.269866943359375000e+02 1.353868530273437500e+03 3.848911132812500000e+02 2.414528656005859375e+02 3.214045715332031250e+02 5.768953857421875000e+02 9.571562194824218750e+01 2.124813537597656250e+02 3.473842468261718750e+02
7.061609649658203125e+01 3.801096801757812500e+02 4.260774230957031250e+01 9.401818847656250000e+01 1.495479125976562500e+02 2.760051757812500000e+03 1.172809829711914062e+02 1.257914428710937500e+02 1.290401367187500000e+03 3.809647827148437500e+02 2.324306030273437500e+02 3.477262573242187500e+02 5.945137939453125000e+02 9.557241058349609375e+01 2.122719573974609375e+02 3.434142456054687500e+02
6.582383728027343750e+01 3.552752990722656250e+02 3.327770996093750000e+01 8.234138488769531250e+01 1.412495422363281250e+02 2.689937500000000000e+03 1.189864883422851562e+02 1.131553268432617188e+02 1.177602539062500000e+03 3.575396118164062500e+02 2.159274291992187500e+02 3.325851440429687500e+02 5.602319946289062500e+02 9.094486999511718750e+01 1.935106201171875000e+02 3.217908325195312500e+02
5.738864898681640625e+01 3.502787170410156250e+02 2.972018814086914062e+01 7.588743591308593750e+01 1.412976989746093750e+02 2.838535888671875000e+03 1.174866485595703125e+02 1.074118347167968750e+02 1.139312255859375000e+03 3.161665649414062500e+02 2.020138092041015625e+02 3.208447875976562500e+02 5.091459350585937500e+02 8.600531005859375000e+01 1.816006774902343750e+02 3.154302978515625000e+02
5.932673645019531250e+01 3.729847717285156250e+02 2.919758605957031250e+01 7.945579528808593750e+01 1.447113189697265625e+02 2.898996582031250000e+03 1.132975158691406250e+02 1.039833145141601562e+02 1.147615234375000000e+03 3.354613647460937500e+02 2.171029357910156250e+02 3.394691467285156250e+02 5.105613098144531250e+02 8.405520629882812500e+01 1.875547180175781250e+02 3.276068115234375000e+02
5.520932006835937500e+01 3.849448852539062500e+02 3.440946578979492188e+01 7.940513610839843750e+01 1.422804565429687500e+02 3.076316650390625000e+03 1.127715759277343750e+02 1.116675262451171875e+02 1.219971191406250000e+03 3.580963134765625000e+02 2.152038726806640625e+02 3.422092590332031250e+02 5.138349609375000000e+02 8.949166870117187500e+01 1.828720397949218750e+02 3.397277526855468750e+02
6.006896209716796875e+01 3.899334716796875000e+02 3.292259216308593750e+01 7.497265625000000000e+01 1.399410705566406250e+02 3.106122802734375000e+03 1.172378463745117188e+02 1.096420593261718750e+02 1.225730957031250000e+03 3.276713256835937500e+02 2.137849121093750000e+02 3.295437927246093750e+02 4.918442077636718750e+02 9.328881072998046875e+01 1.710052032470703125e+02 3.446388549804687500e+02
5.817674255371093750e+01 4.123049926757812500e+02 3.625606918334960938e+01 8.531173706054687500e+01 1.447434234619140625e+02 3.040454101562500000e+03 1.160038070678710938e+02 1.264781570434570312e+02 1.217046630859375000e+03 3.273205566406250000e+02 2.236502838134765625e+02 3.435692443847656250e+02 4.996065063476562500e+02 8.873692321777343750e+01 1.598000488281250000e+02 3.424838256835937500e+02
5.687368774414062500e+01 3.956980590820312500e+02 4.134442138671875000e+01 8.660266113281250000e+01 1.438711547851562500e+02 2.901478271484375000e+03 1.096975402832031250e+02 1.230968093872070312e+02 1.143065917968750000e+03 3.224965515136718750e+02 2.183485107421875000e+02 3.422713012695312500e+02 5.204787597656250000e+02 8.942210388183593750e+01 1.705694885253906250e+02 3.398523254394531250e+02
5.542114257812500000e+01 3.865098571777343750e+02 4.254069519042968750e+01 9.452841186523437500e+01 1.367326049804687500e+02 2.911654052734375000e+03 1.048255691528320312e+02 1.132425308227539062e+02 1.188703247070312500e+03 3.317592163085937500e+02 2.118989562988281250e+02 3.437920837402343750e+02 5.279688720703125000e+02 9.033882141113281250e+01 1.768047027587890625e+02 3.378470153808593750e+02
6.353761291503906250e+01 3.681534729003906250e+02 4.070755767822265625e+01 8.375604248046875000e+01 1.272983245849609375e+02 3.140857910156250000e+03 1.052208480834960938e+02 1.075951461791992188e+02 1.107836547851562500e+03 2.988920898437500000e+02 1.985410461425781250e+02 3.433881530761718750e+02 5.165994873046875000e+02 8.496336364746093750e+01 1.832539520263671875e+02 3.336953430175781250e+02
5.781504058837890625e+01 3.803968505859375000e+02 4.093242645263671875e+01 7.581785583496093750e+01 1.312913208007812500e+02 3.305604736328125000e+03 1.146412200927734375e+02 1.090134124755859375e+02 1.194786254882812500e+03 2.851905517578125000e+02 1.993185882568359375e+02 3.311168823242187500e+02 5.177080078125000000e+02 8.159895324707031250e+01 1.979356536865234375e+02 3.193932495117187500e+02
6.415945434570312500e+01 3.970861206054687500e+02 4.320015335083007812e+01 7.848919677734375000e+01 1.315472869873046875e+02 3.094461181640625000e+03 1.203721466064453125e+02 1.137219161987304688e+02 1.134953857421875000e+03 2.882478027343750000e+02 2.041105041503906250e+02 3.427350463867187500e+02 5.078740234375000000e+02 8.060592651367187500e+01 2.039748687744140625e+02 3.415697021484375000e+02
7.738796997070312500e+01 3.975205078125000000e+02 4.228225708007812500e+01 7.450552368164062500e+01 1.306789550781250000e+02 2.907955078125000000e+03 1.200339889526367188e+02 1.149894409179687500e+02 1.162605224609375000e+03 3.000819091796875000e+02 1.996009521484375000e+02 3.391728820800781250e+02 5.315719604492187500e+02 8.174377441406250000e+01 1.966473541259765625e+02 3.434130859375000000e+02
7.553981018066406250e+01 3.892053833007812500e+02 3.668252944946289062e+01 6.875813293457031250e+01 1.313019409179687500e+02 2.818436523437500000e+03 1.169553146362304688e+02 1.116334686279296875e+02 1.243660522460937500e+03 3.093892822265625000e+02 1.994837188720703125e+02 3.403202514648437500e+02 5.695877685546875000e+02 8.014248657226562500e+01 1.856946105957031250e+02 3.312730102539062500e+02
6.474404907226562500e+01 3.870596008300781250e+02 4.003123474121093750e+01 6.626394653320312500e+01 1.350479888916015625e+02 2.792260253906250000e+03 1.154971771240234375e+02 1.081105804443359375e+02 1.330184204101562500e+03 3.019240722656250000e+02 1.975574188232421875e+02 3.234128723144531250e+02 5.799400024414062500e+02 8.880754852294921875e+01 1.864828948974609375e+02 3.171394653320312500e+02
6.963391113281250000e+01 3.913659362792968750e+02 5.533672332763671875e+01 6.857472229003906250e+01 1.352726135253906250e+02 2.999199462890625000e+03 1.152014694213867188e+02 1.113745117187500000e+02 1.319876220703125000e+03 2.871626281738281250e+02 1.954732208251953125e+02 3.387732543945312500e+02 5.950773315429687500e+02 1.059770355224609375e+02 2.196324157714843750e+02 3.150247497558593750e+02
7.984429168701171875e+01 4.258121948242187500e+02 6.143106842041015625e+01 7.887135314941406250e+01 1.381520080566406250e+02 3.129205566406250000e+03 1.161440277099609375e+02 1.212457809448242188e+02 1.291369995117187500e+03 2.770093994140625000e+02 2.121317443847656250e+02 3.509075927734375000e+02 5.857111816406250000e+02 1.157652587890625000e+02 2.568842773437500000e+02 3.336659545898437500e+02
7.639230346679687500e+01 4.191444702148437500e+02 5.910951995849609375e+01 7.910353088378906250e+01 1.410855102539062500e+02 3.060184082031250000e+03 1.231977081298828125e+02 1.160253143310546875e+02 1.350482666015625000e+03 2.747138671875000000e+02 2.162499542236328125e+02 3.380648498535156250e+02 5.692670898437500000e+02 1.128192749023437500e+02 2.749972229003906250e+02 3.425972290039062500e+02
8.641120910644531250e+01 4.319598388671875000e+02 5.899747467041015625e+01 8.689474487304687500e+01 1.433617553710937500e+02 3.371023193359375000e+03 1.286779937744140625e+02 1.167142715454101562e+02 1.385835083007812500e+03 2.960716247558593750e+02 2.240225830078125000e+02 3.482378845214843750e+02 5.677340087890625000e+02 1.269755096435546875e+02 2.726149902343750000e+02 3.605881652832031250e+02
8.896142578125000000e+01 4.445543212890625000e+02 5.789492797851562500e+01 1.036101226806640625e+02 1.436723785400390625e+02 3.169128906250000000e+03 1.304321594238281250e+02 1.161075820922851562e+02 1.679986816406250000e+03 2.919392395019531250e+02 2.389268341064453125e+02 3.483529357910156250e+02 5.818472900390625000e+02 1.241005096435546875e+02 2.736304016113281250e+02 3.794683227539062500e+02
8.636498260498046875e+01 4.344482727050781250e+02 5.706069183349609375e+01 1.009457855224609375e+02 1.419303283691406250e+02 3.095363037109375000e+03 1.280791320800781250e+02 1.129741592407226562e+02 1.716957153320312500e+03 2.848976440429687500e+02 2.325809020996093750e+02 3.278146972656250000e+02 5.810635986328125000e+02 1.157089996337890625e+02 2.549294433593750000e+02 3.835105590820312500e+02
9.619789123535156250e+01 4.382454833984375000e+02 6.371536254882812500e+01 1.007002563476562500e+02 1.452975311279296875e+02 3.083327636718750000e+03 1.319558105468750000e+02 1.156532974243164062e+02 1.663476562500000000e+03 2.782573242187500000e+02 2.336746215820312500e+02 3.387875366210937500e+02 5.731431884765625000e+02 1.390426330566406250e+02 2.715355224609375000e+02 3.743280334472656250e+02
1.004258117675781250e+02 4.597971496582031250e+02 6.415725708007812500e+01 1.071794281005859375e+02 1.540998535156250000e+02 3.460520751953125000e+03 1.408728637695312500e+02 1.132366333007812500e+02 1.790417846679687500e+03 2.875514526367187500e+02 2.479887542724609375e+02 3.466322021484375000e+02 5.776694946289062500e+02 1.468005218505859375e+02 2.472294616699218750e+02 4.047264099121093750e+02
8.978436279296875000e+01 4.620921020507812500e+02 5.601835250854492188e+01 1.044420776367187500e+02 1.546106262207031250e+02 3.224806884765625000e+03 1.356274261474609375e+02 1.088791580200195312e+02 1.778031860351562500e+03 2.902246704101562500e+02 2.367510375976562500e+02 3.364497070312500000e+02 5.558884277343750000e+02 1.283285675048828125e+02 2.681306762695312500e+02 3.990881042480468750e+02
8.195115661621093750e+01 4.377630310058593750e+02 4.536001205444335938e+01 1.063529205322265625e+02 1.497419433593750000e+02 3.270702148437500000e+03 1.295122375488281250e+02 1.097770614624023438e+02 1.602509887695312500e+03 2.935748901367187500e+02 2.294979400634765625e+02 2.953067321777343750e+02 5.439646606445312500e+02 1.237697448730468750e+02 2.590231933593750000e+02 3.795596923828125000e+02
7.488986206054687500e+01 4.252202148437500000e+02 4.110712051391601562e+01 1.040968170166015625e+02 1.454933776855468750e+02 3.545125732421875000e+03 1.278037796020507812e+02 1.059124526977539062e+02 1.642587890625000000e+03 2.956661376953125000e+02 2.265982055664062500e+02 2.774654846191406250e+02 5.539268798828125000e+02 1.291208648681640625e+02 2.314614868164062500e+02 3.746629333496093750e+02
7.092125701904296875e+01 4.564951782226562500e+02 5.412194061279296875e+01 1.217361755371093750e+02 1.574437561035156250e+02 3.624063232421875000e+03 1.279767684936523438e+02 1.115704574584960938e+02 1.549201782226562500e+03 3.088466796875000000e+02 2.353020324707031250e+02 3.257442321777343750e+02 5.794907226562500000e+02 1.213941955566406250e+02 2.422537536621093750e+02 3.831909179687500000e+02
7.625315093994140625e+01 4.538761291503906250e+02 5.953993988037109375e+01 1.164545593261718750e+02 1.641846618652343750e+02 3.421262207031250000e+03 1.287543945312500000e+02 1.121561355590820312e+02 1.450920532226562500e+03 3.754070434570312500e+02 2.448609008789062500e+02 3.473173217773437500e+02 5.603027343750000000e+02 1.161363677978515625e+02 2.446057128906250000e+02 3.923952331542968750e+02
7.256286621093750000e+01 4.696145629882812500e+02 5.317008209228515625e+01 1.065935821533203125e+02 1.645802917480468750e+02 3.346438476562500000e+03 1.252894821166992188e+02 1.092628860473632812e+02 1.400329467773437500e+03 3.562778320312500000e+02 2.471946411132812500e+02 3.455934753417968750e+02 5.441518554687500000e+02 1.082483215332031250e+02 2.476461791992187500e+02 3.966044006347656250e+02
7.814749145507812500e+01 4.694020996093750000e+02 5.494547271728515625e+01 1.036899261474609375e+02 1.703005065917968750e+02 3.407140136718750000e+03 1.254846115112304688e+02 1.089916305541992188e+02 1.392901855468750000e+03 3.483733520507812500e+02 2.612057800292968750e+02 3.591893310546875000e+02 5.710787353515625000e+02 1.013438186645507812e+02 2.575387878417968750e+02 4.033268737792968750e+02
7.942951965332031250e+01 4.727583618164062500e+02 5.261334228515625000e+01 1.148748321533203125e+02 1.733934936523437500e+02 3.262340332031250000e+03 1.259471740722656250e+02 1.096545104980468750e+02 1.385019042968750000e+03 3.315396118164062500e+02 2.563114624023437500e+02 3.522243041992187500e+02 5.819284667968750000e+02 9.866693115234375000e+01 2.425890045166015625e+02 4.086317749023437500e+02
8.403344726562500000e+01 4.662766113281250000e+02 5.498047637939453125e+01 1.100998382568359375e+02 1.764928131103515625e+02 3.507526855468750000e+03 1.306195068359375000e+02 1.122336730957031250e+02 1.334773193359375000e+03 3.234900207519531250e+02 2.504913787841796875e+02 3.579650878906250000e+02 5.893432617187500000e+02 9.979719543457031250e+01 2.231928863525390625e+02 4.251422424316406250e+02
7.832233428955078125e+01 4.510154418945312500e+02 4.834709930419921875e+01 1.050061492919921875e+02 1.766274566650390625e+02 3.283208007812500000e+03 1.411949157714843750e+02 1.097362518310546875e+02 1.253128295898437500e+03 3.348982543945312500e+02 2.402975006103515625e+02 3.625681457519531250e+02 5.597423095703125000e+02 1.042968215942382812e+02 2.119469604492187500e+02 3.896878356933593750e+02
8.922798156738281250e+01 4.245853881835937500e+02 4.301885986328125000e+01 9.982720947265625000e+01 1.753270263671875000e+02 3.161530273437500000e+03 1.327365722656250000e+02 1.080520324707031250e+02 1.204746337890625000e+03 3.151877746582031250e+02 2.302344970703125000e+02 3.152686157226562500e+02 5.873460083007812500e+02 1.002254791259765625e+02 1.986564483642578125e+02 3.704164123535156250e+02
8.425382232666015625e+01 4.298817749023437500e+02 3.889733505249023438e+01 1.006696929931640625e+02 1.751560668945312500e+02 3.166326660156250000e+03 1.292437591552734375e+02 1.073616180419921875e+02 1.268926635742187500e+03 3.198386840820312500e+02 2.295977783203125000e+02 3.284839782714843750e+02 6.079125976562500000e+02 9.458828735351562500e+01 1.987368164062500000e+02 3.971453247070312500e+02
9.223890686035156250e+01 4.162746582031250000e+02 3.773745346069335938e+01 1.006527252197265625e+02 1.727880859375000000e+02 3.230088867187500000e+03 1.297748413085937500e+02 1.078083572387695312e+02 1.212225463867187500e+03 3.053392333984375000e+02 2.300859680175781250e+02 3.211240844726562500e+02 6.039779052734375000e+02 1.021843414306640625e+02 1.906266174316406250e+02 3.854330749511718750e+02
9.908522796630859375e+01 4.228815002441406250e+02 4.446976470947265625e+01 1.027370910644531250e+02 1.760687255859375000e+02 3.356278808593750000e+03 1.319840087890625000e+02 1.099715652465820312e+02 1.161134765625000000e+03 3.088023071289062500e+02 2.387521820068359375e+02 3.142540893554687500e+02 5.925474853515625000e+02 1.045549468994140625e+02 1.892113800048828125e+02 4.013172607421875000e+02
8.838044738769531250e+01 4.354881591796875000e+02 4.827522659301757812e+01 1.129501953125000000e+02 1.778395385742187500e+02 3.480606201171875000e+03 1.305571136474609375e+02 1.113576812744140625e+02 1.251906127929687500e+03 3.247431640625000000e+02 2.587656860351562500e+02 3.355670166015625000e+02 5.760925292968750000e+02 1.052884368896484375e+02 1.946222076416015625e+02 4.123549194335937500e+02
1.029592742919921875e+02 4.437722167968750000e+02 5.543321228027343750e+01 1.132767181396484375e+02 1.794661254882812500e+02 3.641187744140625000e+03 1.284981536865234375e+02 1.189695053100585938e+02 1.214426025390625000e+03 3.499391479492187500e+02 2.586319580078125000e+02 3.531474609375000000e+02 5.864239501953125000e+02 1.057002716064453125e+02 1.933668823242187500e+02 4.116244812011718750e+02
1.070217437744140625e+02 4.348607788085937500e+02 6.492481994628906250e+01 1.121465148925781250e+02 1.794233093261718750e+02 3.620860839843750000e+03 1.320534210205078125e+02 1.181640090942382812e+02 1.177443481445312500e+03 3.536032104492187500e+02 2.615592956542968750e+02 3.467579345703125000e+02 5.535381469726562500e+02 9.963851928710937500e+01 1.856085662841796875e+02 4.109848022460937500e+02
