9.938012695312500000e+01 4.400324096679687500e+02 7.919972229003906250e+01 1.006573181152343750e+02 1.502709045410156250e+02 3.349128906250000000e+03 1.599829101562500000e+02 1.536729125976562500e+02 1.645647827148437500e+03 3.321632690429687500e+02 2.536208801269531250e+02 3.831223144531250000e+02 5.966247558593750000e+02 1.270638427734375000e+02 2.750464782714843750e+02 3.255438842773437500e+02
9.778359985351562500e+01 4.479111938476562500e+02 7.852523803710937500e+01 1.043760223388671875e+02 1.538879089355468750e+02 3.435325195312500000e+03 1.580270385742187500e+02 1.547389831542968750e+02 1.629830566406250000e+03 3.253998413085937500e+02 2.620930786132812500e+02 3.901674804687500000e+02 6.064392700195312500e+02 1.203542022705078125e+02 2.868124694824218750e+02 3.335527648925781250e+02
9.327530670166015625e+01 4.558996582031250000e+02 7.523467254638671875e+01 1.077703857421875000e+02 1.567981567382812500e+02 3.433658203125000000e+03 1.583252410888671875e+02 1.560627288818359375e+02 1.697275024414062500e+03 3.234779968261718750e+02 2.648573303222656250e+02 3.921044311523437500e+02 5.981109619140625000e+02 1.141753540039062500e+02 2.906462097167968750e+02 3.374295654296875000e+02
1.012976989746093750e+02 4.622321472167968750e+02 6.908096313476562500e+01 1.097106170654296875e+02 1.591083374023437500e+02 3.387694335937500000e+03 1.560803833007812500e+02 1.528569488525390625e+02 1.697491333007812500e+03 3.252502441406250000e+02 2.634541625976562500e+02 3.926679687500000000e+02 6.187756958007812500e+02 1.167439422607421875e+02 2.892282714843750000e+02 3.349777221679687500e+02
1.003071746826171875e+02 4.754319152832031250e+02 6.665811920166015625e+01 1.102942352294921875e+02 1.612887573242187500e+02 3.475552490234375000e+03 1.546626739501953125e+02 1.540792846679687500e+02 1.657238281250000000e+03 3.431768493652343750e+02 2.738632507324218750e+02 3.952993164062500000e+02 6.127906494140625000e+02 1.162364501953125000e+02 2.905044250488281250e+02 3.363167724609375000e+02
9.279386901855468750e+01 4.771924438476562500e+02 6.232377624511718750e+01 1.111503143310546875e+02 1.623772277832031250e+02 3.414656982421875000e+03 1.519528350830078125e+02 1.598633728027343750e+02 1.633881835937500000e+03 3.512990417480468750e+02 2.799754028320312500e+02 3.951263427734375000e+02 6.076458740234375000e+02 1.157604751586914062e+02 2.808707275390625000e+02 3.420233154296875000e+02
8.768153381347656250e+01 4.939129943847656250e+02 5.679821777343750000e+01 1.110854187011718750e+02 1.636261749267578125e+02 3.313946044921875000e+03 1.621703643798828125e+02 1.616624755859375000e+02 1.601003051757812500e+03 3.671511840820312500e+02 2.914505004882812500e+02 3.960721435546875000e+02 6.155275878906250000e+02 1.125065536499023438e+02 2.807058410644531250e+02 3.425134887695312500e+02
8.667797851562500000e+01 5.016228027343750000e+02 5.780489349365234375e+01 1.127730102539062500e+02 1.662255249023437500e+02 3.258147949218750000e+03 1.596987152099609375e+02 1.646585388183593750e+02 1.584131103515625000e+03 3.652889404296875000e+02 3.052775878906250000e+02 3.976857299804687500e+02 6.263839721679687500e+02 1.114008255004882812e+02 2.595230407714843750e+02 3.409888916015625000e+02
8.366996765136718750e+01 4.979582824707031250e+02 5.361043548583984375e+01 1.117779083251953125e+02 1.662546691894531250e+02 3.176698242187500000e+03 1.607790832519531250e+02 1.590404968261718750e+02 1.558528808593750000e+03 3.564599914550781250e+02 3.071477050781250000e+02 3.961925048828125000e+02 6.174306030273437500e+02 1.101473999023437500e+02 2.499709320068359375e+02 3.418446044921875000e+02
8.624816894531250000e+01 4.923732299804687500e+02 4.964264678955078125e+01 1.113475341796875000e+02 1.667058563232421875e+02 3.163472167968750000e+03 1.577750854492187500e+02 1.609316711425781250e+02 1.514255615234375000e+03 3.509876708984375000e+02 3.102515869140625000e+02 3.980270996093750000e+02 5.945953369140625000e+02 1.090600433349609375e+02 2.423220825195312500e+02 3.380119934082031250e+02
8.310774230957031250e+01 4.917553100585937500e+02 5.156777191162109375e+01 1.081133117675781250e+02 1.678066101074218750e+02 3.055459472656250000e+03 1.545683898925781250e+02 1.587536926269531250e+02 1.466323364257812500e+03 3.477077331542968750e+02 3.098917236328125000e+02 3.980311889648437500e+02 5.941645507812500000e+02 1.058511886596679688e+02 2.417864532470703125e+02 3.378403320312500000e+02
7.954713439941406250e+01 4.847140808105468750e+02 4.743683624267578125e+01 1.030035552978515625e+02 1.675649566650390625e+02 2.888874023437500000e+03 1.506336364746093750e+02 1.536790771484375000e+02 1.419607788085937500e+03 3.478934631347656250e+02 3.076153259277343750e+02 3.963607788085937500e+02 5.843818969726562500e+02 1.051446685791015625e+02 2.331461639404296875e+02 3.341853027343750000e+02
7.592407226562500000e+01 4.701047058105468750e+02 4.205046844482421875e+01 9.458576965332031250e+01 1.683342590332031250e+02 2.811847167968750000e+03 1.441298065185546875e+02 1.468317871093750000e+02 1.382015136718750000e+03 3.416266479492187500e+02 2.965874023437500000e+02 3.947295532226562500e+02 5.691829833984375000e+02 1.035324478149414062e+02 2.392467956542968750e+02 3.344558105468750000e+02
7.610597229003906250e+01 4.503489685058593750e+02 3.736170578002929688e+01 8.555967712402343750e+01 1.674360046386718750e+02 2.731226562500000000e+03 1.379997863769531250e+02 1.406634216308593750e+02 1.301447021484375000e+03 3.229097595214843750e+02 2.789445800781250000e+02 3.919511718750000000e+02 5.481362304687500000e+02 1.010759735107421875e+02 2.232771911621093750e+02 3.284649963378906250e+02
6.786241149902343750e+01 4.148704833984375000e+02 2.831725692749023438e+01 6.962023925781250000e+01 1.645147247314453125e+02 2.606675292968750000e+03 1.303244934082031250e+02 1.287827148437500000e+02 1.205219360351562500e+03 3.080163574218750000e+02 2.509176177978515625e+02 3.783413391113281250e+02 4.924790039062500000e+02 9.558233642578125000e+01 2.051583251953125000e+02 3.141600952148437500e+02
5.721188354492187500e+01 3.669141845703125000e+02 1.340056991577148438e+01 4.830151367187500000e+01 1.570985107421875000e+02 2.513472167968750000e+03 1.164626007080078125e+02 1.089445724487304688e+02 1.090715820312500000e+03 2.866802978515625000e+02 2.142357482910156250e+02 3.513518676757812500e+02 4.248235473632812500e+02 8.779032897949218750e+01 1.806600952148437500e+02 2.878325805664062500e+02
5.339631652832031250e+01 3.437049865722656250e+02 6.383850097656250000e+00 4.060185241699218750e+01 1.507576904296875000e+02 2.522784912109375000e+03 1.119434204101562500e+02 1.033112716674804688e+02 1.058856201171875000e+03 2.799976806640625000e+02 1.974806976318359375e+02 3.395597534179687500e+02 3.635298767089843750e+02 8.362812805175781250e+01 1.643026123046875000e+02 2.787968750000000000e+02
5.215418243408203125e+01 3.412001342773437500e+02 6.705596923828125000e+00 4.188055419921875000e+01 1.446799316406250000e+02 2.561809570312500000e+03 1.119178924560546875e+02 1.019693450927734375e+02 1.074107666015625000e+03 2.818086242675781250e+02 1.936356658935546875e+02 3.310887451171875000e+02 3.345883789062500000e+02 8.290560913085937500e+01 1.606373138427734375e+02 2.837684936523437500e+02
5.946695709228515625e+01 3.734388732910156250e+02 1.721302032470703125e+01 6.017266845703125000e+01 1.460906372070312500e+02 2.775841552734375000e+03 1.206329650878906250e+02 1.140017395019531250e+02 1.141524291992187500e+03 3.023400268554687500e+02 2.185948638916015625e+02 3.443381042480468750e+02 3.989312133789062500e+02 9.217126464843750000e+01 1.809332427978515625e+02 3.127266540527343750e+02
6.821389770507812500e+01 4.022879333496093750e+02 2.739927291870117188e+01 8.360816955566406250e+01 1.495219726562500000e+02 3.071530761718750000e+03 1.282968750000000000e+02 1.284360961914062500e+02 1.218406616210937500e+03 3.294876403808593750e+02 2.470253295898437500e+02 3.594073791503906250e+02 4.851300048828125000e+02 1.028481750488281250e+02 2.003040466308593750e+02 3.452680053710937500e+02
7.897245788574218750e+01 4.188090209960937500e+02 3.257311630249023438e+01 9.784010314941406250e+01 1.501653594970703125e+02 3.257990966796875000e+03 1.353014526367187500e+02 1.342881469726562500e+02 1.247918334960937500e+03 3.420852355957031250e+02 2.586588745117187500e+02 3.602705993652343750e+02 5.297019653320312500e+02 1.079040679931640625e+02 2.110889129638671875e+02 3.646568603515625000e+02
8.465058898925781250e+01 4.357345886230468750e+02 4.315400695800781250e+01 1.111282501220703125e+02 1.510964965820312500e+02 3.442626220703125000e+03 1.391029968261718750e+02 1.410679168701171875e+02 1.349112060546875000e+03 3.471284790039062500e+02 2.719832458496093750e+02 3.649481201171875000e+02 5.388991699218750000e+02 1.095442352294921875e+02 2.171488800048828125e+02 3.719015502929687500e+02
9.560737609863281250e+01 4.540670166015625000e+02 6.090948104858398438e+01 1.389941711425781250e+02 1.664998931884765625e+02 3.255277832031250000e+03 1.466847534179687500e+02 1.479947509765625000e+02 1.450057739257812500e+03 3.648543395996093750e+02 2.903306579589843750e+02 3.680989379882812500e+02 6.334615478515625000e+02 1.109036102294921875e+02 2.373675689697265625e+02 3.877203063964843750e+02
8.882260894775390625e+01 4.260756225585937500e+02 5.211514282226562500e+01 1.251082763671875000e+02 1.513393249511718750e+02 3.214584960937500000e+03 1.394645996093750000e+02 1.374468994140625000e+02 1.421426025390625000e+03 3.938061828613281250e+02 2.674223632812500000e+02 3.346347351074218750e+02 6.185789794921875000e+02 1.048799133300781250e+02 2.276309051513671875e+02 3.641741943359375000e+02
8.579574584960937500e+01 4.164305419921875000e+02 4.882273483276367188e+01 1.213118133544921875e+02 1.471769409179687500e+02 3.388298339843750000e+03 1.343515319824218750e+02 1.354448547363281250e+02 1.439169677734375000e+03 4.201408691406250000e+02 2.567772216796875000e+02 3.376029052734375000e+02 6.286671752929687500e+02 1.027429733276367188e+02 2.324726715087890625e+02 3.569773559570312500e+02
8.243570709228515625e+01 3.998915405273437500e+02 4.314005279541015625e+01 1.157564086914062500e+02 1.420312500000000000e+02 3.308731933593750000e+03 1.340545959472656250e+02 1.279807891845703125e+02 1.393774780273437500e+03 4.241213378906250000e+02 2.442100830078125000e+02 3.335651245117187500e+02 6.286480712890625000e+02 9.940673828125000000e+01 2.228074188232421875e+02 3.408916015625000000e+02
7.516821289062500000e+01 3.896423339843750000e+02 3.890519332885742188e+01 1.100107421875000000e+02 1.396961669921875000e+02 3.215852783203125000e+03 1.323738098144531250e+02 1.214938888549804688e+02 1.367901733398437500e+03 3.984400024414062500e+02 2.308475341796875000e+02 3.285095825195312500e+02 6.164838256835937500e+02 9.508839416503906250e+01 2.141896820068359375e+02 3.308798522949218750e+02
7.387226867675781250e+01 3.959340820312500000e+02 3.627666854858398438e+01 1.083714904785156250e+02 1.387861328125000000e+02 3.115884277343750000e+03 1.282625579833984375e+02 1.160506820678710938e+02 1.361910400390625000e+03 4.010285949707031250e+02 2.325523986816406250e+02 3.328505859375000000e+02 6.193917846679687500e+02 9.178182983398437500e+01 2.141814117431640625e+02 3.324418945312500000e+02
6.871834564208984375e+01 3.959667968750000000e+02 3.656707000732421875e+01 1.019274291992187500e+02 1.358777465820312500e+02 3.080833496093750000e+03 1.245867462158203125e+02 1.156920700073242188e+02 1.402078735351562500e+03 4.142275390625000000e+02 2.246083374023437500e+02 3.333837890625000000e+02 6.223441772460937500e+02 9.211605834960937500e+01 2.077932891845703125e+02 3.344435424804687500e+02
6.835046386718750000e+01 3.920173339843750000e+02 3.269043350219726562e+01 9.235118103027343750e+01 1.316928405761718750e+02 3.013094238281250000e+03 1.242275543212890625e+02 1.116493606567382812e+02 1.416198974609375000e+03 3.874010620117187500e+02 2.163573455810546875e+02 3.251170654296875000e+02 6.073588256835937500e+02 9.321604156494140625e+01 1.946394653320312500e+02 3.322229614257812500e+02
6.616307830810546875e+01 4.014452514648437500e+02 3.257024383544921875e+01 9.316795349121093750e+01 1.314808197021484375e+02 3.034555664062500000e+03 1.225211639404296875e+02 1.194935379028320312e+02 1.431785522460937500e+03 3.784222412109375000e+02 2.169279327392578125e+02 3.269239501953125000e+02 6.083602905273437500e+02 9.028340148925781250e+01 1.820733795166015625e+02 3.271961975097656250e+02
6.453918457031250000e+01 3.926052551269531250e+02 3.621364212036132812e+01 9.245451354980468750e+01 1.303493041992187500e+02 2.977071533203125000e+03 1.189796142578125000e+02 1.187445144653320312e+02 1.385939331054687500e+03 3.690909729003906250e+02 2.128121185302734375e+02 3.274511108398437500e+02 6.157620849609375000e+02 8.996044921875000000e+01 1.836093597412109375e+02 3.238407287597656250e+02
6.473305511474609375e+01 3.940510253906250000e+02 4.200283813476562500e+01 1.028034667968750000e+02 1.274052124023437500e+02 3.108634765625000000e+03 1.177868499755859375e+02 1.164591674804687500e+02 1.425499633789062500e+03 3.801994018554687500e+02 2.141162872314453125e+02 3.296497497558593750e+02 6.252048339843750000e+02 9.267366790771484375e+01 1.930767059326171875e+02 3.292482910156250000e+02
7.650831604003906250e+01 4.059798889160156250e+02 5.062104415893554688e+01 1.164242095947265625e+02 1.243068695068359375e+02 3.158640625000000000e+03 1.222803039550781250e+02 1.208061218261718750e+02 1.428120483398437500e+03 3.747494201660156250e+02 2.228874053955078125e+02 3.330528259277343750e+02 6.286697387695312500e+02 9.472851562500000000e+01 2.131941070556640625e+02 3.467773742675781250e+02
8.171279907226562500e+01 4.350033264160156250e+02 6.199845504760742188e+01 1.302949981689453125e+02 1.283964996337890625e+02 3.389687011718750000e+03 1.342213134765625000e+02 1.295926208496093750e+02 1.530949462890625000e+03 3.697289733886718750e+02 2.398254241943359375e+02 3.360048217773437500e+02 6.386527099609375000e+02 9.631514739990234375e+01 2.428257446289062500e+02 3.546743164062500000e+02
7.898527526855468750e+01 4.540708007812500000e+02 6.360290908813476562e+01 1.172025146484375000e+02 1.280101623535156250e+02 3.638380615234375000e+03 1.373609161376953125e+02 1.351390228271484375e+02 1.332362792968750000e+03 3.316539916992187500e+02 2.457798767089843750e+02 3.421371154785156250e+02 5.732772216796875000e+02 9.373789978027343750e+01 2.283546447753906250e+02 3.788000488281250000e+02
9.038572692871093750e+01 4.564376831054687500e+02 6.628578948974609375e+01 1.129869079589843750e+02 1.270405197143554688e+02 3.820036376953125000e+03 1.385988464355468750e+02 1.361737823486328125e+02 1.361423217773437500e+03 3.347570495605468750e+02 2.417873077392578125e+02 3.409486083984375000e+02 5.762419433593750000e+02 9.353568267822265625e+01 2.287671203613281250e+02 3.846628417968750000e+02
9.231280517578125000e+01 4.484119262695312500e+02 6.261373138427734375e+01 1.061629638671875000e+02 1.260555725097656250e+02 3.698426025390625000e+03 1.363547668457031250e+02 1.330044555664062500e+02 1.433438720703125000e+03 3.482184448242187500e+02 2.389900817871093750e+02 3.391543273925781250e+02 5.868835449218750000e+02 9.175260925292968750e+01 2.196658935546875000e+02 3.754915771484375000e+02
8.425035858154296875e+01 4.420140686035156250e+02 6.375812530517578125e+01 1.009280090332031250e+02 1.264899368286132812e+02 3.731828369140625000e+03 1.340559692382812500e+02 1.290332946777343750e+02 1.525859863281250000e+03 3.474524841308593750e+02 2.354143829345703125e+02 3.328560180664062500e+02 5.905888671875000000e+02 9.706620788574218750e+01 2.166027069091796875e+02 3.610547790527343750e+02
8.448129272460937500e+01 4.374507446289062500e+02 7.292214202880859375e+01 9.862762451171875000e+01 1.261713104248046875e+02 3.745983886718750000e+03 1.323231506347656250e+02 1.285910644531250000e+02 1.545209228515625000e+03 3.363581542968750000e+02 2.312580261230468750e+02 3.350360717773437500e+02 5.947291259765625000e+02 1.089492034912109375e+02 2.343220214843750000e+02 3.510712890625000000e+02
8.922492980957031250e+01 4.530166625976562500e+02 7.903169250488281250e+01 1.019971466064453125e+02 1.269659881591796875e+02 3.835252197265625000e+03 1.311552734375000000e+02 1.331420135498046875e+02 1.528625366210937500e+03 3.192143554687500000e+02 2.386410064697265625e+02 3.390690002441406250e+02 5.915139160156250000e+02 1.183048248291015625e+02 2.562064208984375000e+02 3.548142395019531250e+02
8.586739349365234375e+01 4.457420959472656250e+02 7.852414703369140625e+01 1.002772369384765625e+02 1.283262176513671875e+02 3.783018798828125000e+03 1.341240539550781250e+02 1.287437744140625000e+02 1.514549926757812500e+03 3.095232849121093750e+02 2.402306060791015625e+02 3.359520263671875000e+02 5.847760620117187500e+02 1.183027648925781250e+02 2.728983764648437500e+02 3.560958251953125000e+02
9.011603546142578125e+01 4.494820556640625000e+02 7.793860626220703125e+01 1.034556579589843750e+02 1.297637023925781250e+02 3.870924072265625000e+03 1.373706970214843750e+02 1.273489074707031250e+02 1.496759643554687500e+03 3.165156250000000000e+02 2.441369171142578125e+02 3.385670776367187500e+02 5.822624511718750000e+02 1.270404663085937500e+02 2.815485229492187500e+02 3.651342163085937500e+02
9.171061706542968750e+01 4.558455505371093750e+02 7.572856903076171875e+01 1.144151763916015625e+02 1.304688110351562500e+02 3.875672363281250000e+03 1.385247497558593750e+02 1.261040039062500000e+02 1.635335571289062500e+03 3.139796447753906250e+02 2.539697875976562500e+02 3.391974487304687500e+02 5.854825439453125000e+02 1.270058288574218750e+02 2.875331420898437500e+02 3.779804382324218750e+02
8.952519989013671875e+01 4.478211364746093750e+02 7.313397979736328125e+01 1.135287170410156250e+02 1.302835693359375000e+02 3.714140625000000000e+03 1.366323852539062500e+02 1.236950988769531250e+02 1.681139038085937500e+03 3.083967285156250000e+02 2.503137207031250000e+02 3.334609985351562500e+02 5.867683105468750000e+02 1.206434402465820312e+02 2.795700073242187500e+02 3.826584777832031250e+02
9.520268249511718750e+01 4.471120605468750000e+02 7.601837158203125000e+01 1.134454956054687500e+02 1.320985717773437500e+02 3.657789062500000000e+03 1.381800537109375000e+02 1.247623062133789062e+02 1.668372558593750000e+03 3.015561523437500000e+02 2.500794677734375000e+02 3.356389160156250000e+02 5.855158691406250000e+02 1.317787780761718750e+02 2.862305603027343750e+02 3.758804016113281250e+02
9.881333160400390625e+01 4.589806823730468750e+02 7.665553283691406250e+01 1.173339385986328125e+02 1.381606750488281250e+02 3.792052490234375000e+03 1.440029296875000000e+02 1.234298248291015625e+02 1.723038940429687500e+03 3.076787414550781250e+02 2.587444152832031250e+02 3.392049560546875000e+02 5.879054565429687500e+02 1.414632568359375000e+02 2.741690063476562500e+02 3.926792602539062500e+02
9.292800903320312500e+01 4.623654785156250000e+02 6.953929138183593750e+01 1.157656250000000000e+02 1.401490173339843750e+02 3.748871826171875000e+03 1.417355194091796875e+02 1.210517120361328125e+02 1.752531005859375000e+03 3.102231445312500000e+02 2.525586700439453125e+02 3.377980651855468750e+02 5.824195556640625000e+02 1.334499206542968750e+02 2.807631835937500000e+02 3.947127075195312500e+02
8.641355133056640625e+01 4.483692626953125000e+02 5.835678100585937500e+01 1.164406585693359375e+02 1.391574707031250000e+02 3.822498046875000000e+03 1.380637817382812500e+02 1.215600051879882812e+02 1.675569335937500000e+03 3.102036743164062500e+02 2.471344451904296875e+02 3.217654418945312500e+02 5.770035400390625000e+02 1.303603668212890625e+02 2.789139099121093750e+02 3.818178710937500000e+02
8.025996398925781250e+01 4.390473022460937500e+02 5.128810882568359375e+01 1.145733642578125000e+02 1.380463256835937500e+02 3.831750244140625000e+03 1.364938659667968750e+02 1.195429000854492188e+02 1.688031372070312500e+03 3.090723266601562500e+02 2.439282379150390625e+02 3.104861450195312500e+02 5.782918701171875000e+02 1.333453216552734375e+02 2.613258361816406250e+02 3.762024536132812500e+02
7.688702392578125000e+01 4.569269409179687500e+02 5.748748779296875000e+01 1.255120391845703125e+02 1.460120544433593750e+02 3.958792968750000000e+03 1.361440582275390625e+02 1.229252014160156250e+02 1.633565185546875000e+03 3.180405883789062500e+02 2.485195617675781250e+02 3.266100463867187500e+02 5.887214355468750000e+02 1.295302734375000000e+02 2.637980957031250000e+02 3.814791259765625000e+02
7.988161468505859375e+01 4.586767578125000000e+02 6.252124023437500000e+01 1.239655303955078125e+02 1.545079040527343750e+02 3.957756835937500000e+03 1.366201171875000000e+02 1.237657699584960938e+02 1.556796630859375000e+03 3.574363403320312500e+02 2.551842651367187500e+02 3.433599853515625000e+02 5.907073364257812500e+02 1.239667205810546875e+02 2.658709716796875000e+02 3.918564453125000000e+02
7.841357421875000000e+01 4.737955932617187500e+02 5.999451065063476562e+01 1.199873962402343750e+02 1.581578216552734375e+02 3.994109130859375000e+03 1.350819702148437500e+02 1.227119674682617188e+02 1.505350463867187500e+03 3.596492309570312500e+02 2.593408203125000000e+02 3.535021972656250000e+02 5.982327880859375000e+02 1.160021514892578125e+02 2.686715698242187500e+02 4.033192138671875000e+02
8.352632141113281250e+01 4.854885253906250000e+02 6.295407485961914062e+01 1.217127075195312500e+02 1.627257232666015625e+02 4.043805664062500000e+03 1.366501007080078125e+02 1.240822067260742188e+02 1.498839843750000000e+03 3.670287170410156250e+02 2.746620178222656250e+02 3.652904968261718750e+02 6.176589355468750000e+02 1.098843688964843750e+02 2.761184387207031250e+02 4.164877929687500000e+02
8.717286682128906250e+01 4.987905883789062500e+02 6.423943328857421875e+01 1.327444000244140625e+02 1.655369262695312500e+02 4.231738281250000000e+03 1.384013061523437500e+02 1.263071136474609375e+02 1.490049316406250000e+03 3.640404663085937500e+02 2.787875671386718750e+02 3.690406494140625000e+02 6.321929321289062500e+02 1.079086303710937500e+02 2.709192504882812500e+02 4.294570922851562500e+02
9.204045104980468750e+01 5.024848632812500000e+02 6.647338867187500000e+01 1.346004028320312500e+02 1.678878631591796875e+02 4.416370605468750000e+03 1.428774261474609375e+02 1.297511901855468750e+02 1.469125366210937500e+03 3.601820983886718750e+02 2.799209594726562500e+02 3.733218383789062500e+02 6.429116821289062500e+02 1.073945312500000000e+02 2.574277954101562500e+02 4.441491699218750000e+02
8.999321746826171875e+01 4.951772155761718750e+02 6.237694549560546875e+01 1.331557464599609375e+02 1.684733276367187500e+02 4.529556152343750000e+03 1.513309326171875000e+02 1.294374389648437500e+02 1.415101928710937500e+03 3.675229797363281250e+02 2.748309936523437500e+02 3.767092285156250000e+02 6.353536376953125000e+02 1.106736450195312500e+02 2.444282684326171875e+02 4.237673950195312500e+02
9.682604980468750000e+01 4.778348999023437500e+02 5.669950103759765625e+01 1.301341400146484375e+02 1.680872955322265625e+02 4.746595214843750000e+03 1.478337707519531250e+02 1.286032409667968750e+02 1.373754394531250000e+03 3.570030822753906250e+02 2.679955444335937500e+02 3.602326354980468750e+02 6.429072265625000000e+02 1.093500061035156250e+02 2.303374176025390625e+02 4.053042297363281250e+02
9.422265625000000000e+01 4.751462402343750000e+02 5.020868682861328125e+01 1.291993713378906250e+02 1.679820861816406250e+02 4.950386230468750000e+03 1.452120056152343750e+02 1.276353454589843750e+02 1.402434936523437500e+03 3.580877990722656250e+02 2.650925292968750000e+02 3.592797241210937500e+02 6.524194946289062500e+02 1.046234130859375000e+02 2.215779266357421875e+02 4.137552795410156250e+02
