8.785506439208984375e+01 4.364075317382812500e+02 7.261465454101562500e+01 1.031151428222656250e+02 1.377099456787109375e+02 3.179418945312500000e+03 1.549521636962890625e+02 1.481939086914062500e+02 1.544503417968750000e+03 3.188235473632812500e+02 2.533332824707031250e+02 3.632333374023437500e+02 5.917706909179687500e+02 1.233745727539062500e+02 2.646791076660156250e+02 3.244683837890625000e+02
8.751849365234375000e+01 4.358832702636718750e+02 6.962210083007812500e+01 1.025430145263671875e+02 1.387426452636718750e+02 3.195972656250000000e+03 1.504069366455078125e+02 1.470158996582031250e+02 1.527011474609375000e+03 3.122716369628906250e+02 2.549746856689453125e+02 3.657396850585937500e+02 5.903063964843750000e+02 1.157190093994140625e+02 2.756944274902343750e+02 3.268304443359375000e+02
8.272047424316406250e+01 4.362758483886718750e+02 6.525869750976562500e+01 1.016330261230468750e+02 1.407854919433593750e+02 3.204402343750000000e+03 1.479356536865234375e+02 1.452261657714843750e+02 1.573449707031250000e+03 3.090238952636718750e+02 2.535798797607421875e+02 3.671170654296875000e+02 5.831740112304687500e+02 1.075375518798828125e+02 2.827503662109375000e+02 3.270556030273437500e+02
8.558889770507812500e+01 4.369825134277343750e+02 6.021228790283203125e+01 9.972915649414062500e+01 1.430106201171875000e+02 3.170525878906250000e+03 1.453689880371093750e+02 1.413674468994140625e+02 1.568115844726562500e+03 3.098250732421875000e+02 2.492942047119140625e+02 3.686383056640625000e+02 5.950003662109375000e+02 1.061249389648437500e+02 2.844497985839843750e+02 3.228920593261718750e+02
8.641117858886718750e+01 4.470026245117187500e+02 5.905753326416015625e+01 9.934362792968750000e+01 1.445294494628906250e+02 3.206202880859375000e+03 1.448287200927734375e+02 1.423509521484375000e+02 1.529254638671875000e+03 3.208132934570312500e+02 2.561847534179687500e+02 3.706518859863281250e+02 5.931043701171875000e+02 1.059188842773437500e+02 2.860886230468750000e+02 3.236179199218750000e+02
8.156166839599609375e+01 4.520264282226562500e+02 5.712438201904296875e+01 1.010652618408203125e+02 1.450227355957031250e+02 3.196131103515625000e+03 1.437000732421875000e+02 1.470328369140625000e+02 1.525069091796875000e+03 3.278582763671875000e+02 2.630275268554687500e+02 3.704040222167968750e+02 5.899633789062500000e+02 1.070217590332031250e+02 2.781726379394531250e+02 3.287948913574218750e+02
7.835283660888671875e+01 4.647980957031250000e+02 5.442568206787109375e+01 1.018249511718750000e+02 1.454438476562500000e+02 3.166211425781250000e+03 1.502775421142578125e+02 1.496252746582031250e+02 1.499445800781250000e+03 3.392767028808593750e+02 2.726037597656250000e+02 3.705059204101562500e+02 5.968256835937500000e+02 1.055964508056640625e+02 2.765749206542968750e+02 3.306165771484375000e+02
7.817225646972656250e+01 4.731401367187500000e+02 5.657851028442382812e+01 1.038952484130859375e+02 1.466866912841796875e+02 3.187857421875000000e+03 1.500965118408203125e+02 1.531487731933593750e+02 1.485516113281250000e+03 3.408839111328125000e+02 2.838058471679687500e+02 3.709977416992187500e+02 6.080115356445312500e+02 1.055383300781250000e+02 2.607426147460937500e+02 3.305257873535156250e+02
7.664749145507812500e+01 4.733074035644531250e+02 5.463557815551757812e+01 1.035594024658203125e+02 1.461998901367187500e+02 3.157844970703125000e+03 1.515302429199218750e+02 1.503449401855468750e+02 1.489483764648437500e+03 3.364769592285156250e+02 2.875312500000000000e+02 3.693500976562500000e+02 6.093822631835937500e+02 1.050932617187500000e+02 2.529382324218750000e+02 3.315089721679687500e+02
7.816592407226562500e+01 4.694576416015625000e+02 5.000874328613281250e+01 1.021170959472656250e+02 1.459020690917968750e+02 3.175220703125000000e+03 1.495453338623046875e+02 1.512478637695312500e+02 1.427533691406250000e+03 3.295959167480468750e+02 2.901277160644531250e+02 3.697163391113281250e+02 6.015545043945312500e+02 1.042231140136718750e+02 2.464592132568359375e+02 3.280510864257812500e+02
7.486885070800781250e+01 4.621328735351562500e+02 5.055497741699218750e+01 9.601153564453125000e+01 1.460363159179687500e+02 3.174925781250000000e+03 1.451524200439453125e+02 1.473455047607421875e+02 1.337846313476562500e+03 3.230619201660156250e+02 2.855034484863281250e+02 3.688302612304687500e+02 6.025588378906250000e+02 1.005192260742187500e+02 2.444660949707031250e+02 3.238252868652343750e+02
7.098107910156250000e+01 4.502798461914062500e+02 4.359173583984375000e+01 9.031947326660156250e+01 1.452220764160156250e+02 3.108710937500000000e+03 1.403967895507812500e+02 1.409441680908203125e+02 1.289277709960937500e+03 3.204606323242187500e+02 2.790255737304687500e+02 3.666857910156250000e+02 5.970006103515625000e+02 9.900611114501953125e+01 2.335982513427734375e+02 3.181603393554687500e+02
6.836731719970703125e+01 4.373083496093750000e+02 3.660974121093750000e+01 8.417459106445312500e+01 1.450899353027343750e+02 3.056787597656250000e+03 1.350796966552734375e+02 1.347299804687500000e+02 1.266792968750000000e+03 3.162633056640625000e+02 2.704077758789062500e+02 3.643337402343750000e+02 5.803782958984375000e+02 9.789419555664062500e+01 2.349177856445312500e+02 3.174072875976562500e+02
6.947114562988281250e+01 4.262472534179687500e+02 3.349102783203125000e+01 7.856205749511718750e+01 1.434635620117187500e+02 3.017482666015625000e+03 1.311797637939453125e+02 1.312377471923828125e+02 1.203660156250000000e+03 3.050894775390625000e+02 2.612465209960937500e+02 3.601244506835937500e+02 5.570051269531250000e+02 9.707078552246093750e+01 2.233764953613281250e+02 3.154691162109375000e+02
6.686448669433593750e+01 4.110362548828125000e+02 2.994979858398437500e+01 7.343515014648437500e+01 1.407313079833984375e+02 2.955547851562500000e+03 1.288359222412109375e+02 1.268894500732421875e+02 1.171993164062500000e+03 3.019858398437500000e+02 2.498122100830078125e+02 3.516250000000000000e+02 5.308670654296875000e+02 9.553359222412109375e+01 2.134498596191406250e+02 3.126326599121093750e+02
6.414962005615234375e+01 3.983518066406250000e+02 2.597128295898437500e+01 6.853353881835937500e+01 1.361552429199218750e+02 2.912359863281250000e+03 1.247148818969726562e+02 1.202560424804687500e+02 1.119102294921875000e+03 3.018338012695312500e+02 2.403464355468750000e+02 3.380786132812500000e+02 5.079069213867187500e+02 9.446452331542968750e+01 2.039251403808593750e+02 3.079174194335937500e+02
6.350430297851562500e+01 3.913511962890625000e+02 2.508313751220703125e+01 6.582406616210937500e+01 1.327233276367187500e+02 2.899023437500000000e+03 1.237659683227539062e+02 1.200730895996093750e+02 1.108793457031250000e+03 3.041975097656250000e+02 2.372084808349609375e+02 3.332825317382812500e+02 4.856417846679687500e+02 9.356973266601562500e+01 1.947820587158203125e+02 3.073681030273437500e+02
6.084279632568359375e+01 3.824094543457031250e+02 2.377456665039062500e+01 6.260968017578125000e+01 1.270196228027343750e+02 2.859762939453125000e+03 1.219715881347656250e+02 1.167290725708007812e+02 1.104318359375000000e+03 3.031342773437500000e+02 2.280137481689453125e+02 3.262368469238281250e+02 4.642387390136718750e+02 9.193170166015625000e+01 1.870567321777343750e+02 3.092303466796875000e+02
5.911242675781250000e+01 3.749692993164062500e+02 2.273327636718750000e+01 5.909051513671875000e+01 1.238048171997070312e+02 2.839235351562500000e+03 1.193306427001953125e+02 1.139660491943359375e+02 1.087651123046875000e+03 2.980904846191406250e+02 2.222058410644531250e+02 3.194717712402343750e+02 4.597529296875000000e+02 9.271791076660156250e+01 1.912089233398437500e+02 3.147081298828125000e+02
5.736917877197265625e+01 3.624287414550781250e+02 2.009344482421875000e+01 5.705393981933593750e+01 1.212327117919921875e+02 2.830041992187500000e+03 1.157149887084960938e+02 1.124318237304687500e+02 1.078778808593750000e+03 2.957281799316406250e+02 2.175407409667968750e+02 3.148354187011718750e+02 4.512050170898437500e+02 9.352877807617187500e+01 1.925889892578125000e+02 3.192223510742187500e+02
5.889333343505859375e+01 3.509390869140625000e+02 1.542807388305664062e+01 5.422814941406250000e+01 1.169363021850585938e+02 2.814104736328125000e+03 1.142629852294921875e+02 1.082542572021484375e+02 1.053279541015625000e+03 2.883970336914062500e+02 2.078549499511718750e+02 3.036463012695312500e+02 4.314266052246093750e+02 9.216797637939453125e+01 1.887445831298828125e+02 3.187720336914062500e+02
5.839087677001953125e+01 3.446233825683593750e+02 1.490340423583984375e+01 5.319905090332031250e+01 1.129701232910156250e+02 2.792444824218750000e+03 1.123002243041992188e+02 1.059745178222656250e+02 1.077258789062500000e+03 2.756521606445312500e+02 2.024040679931640625e+02 2.979568176269531250e+02 3.993111877441406250e+02 8.878320312500000000e+01 1.779777526855468750e+02 3.098735351562500000e+02
9.380267333984375000e+01 4.546767272949218750e+02 5.363075256347656250e+01 1.428202514648437500e+02 1.453251342773437500e+02 3.100184814453125000e+03 1.469406738281250000e+02 1.499127807617187500e+02 1.323037353515625000e+03 3.397681884765625000e+02 2.939688720703125000e+02 3.393014526367187500e+02 5.477485961914062500e+02 1.072881469726562500e+02 2.244483337402343750e+02 3.847722778320312500e+02
9.646996307373046875e+01 4.638064575195312500e+02 5.751676177978515625e+01 1.520639343261718750e+02 1.479299011230468750e+02 3.173164062500000000e+03 1.496795654296875000e+02 1.536386108398437500e+02 1.363742431640625000e+03 3.704677734375000000e+02 2.991797790527343750e+02 3.354855346679687500e+02 5.891186523437500000e+02 1.085567626953125000e+02 2.270820922851562500e+02 3.857247619628906250e+02
9.404543304443359375e+01 4.593335571289062500e+02 5.775307846069335938e+01 1.495556945800781250e+02 1.494431457519531250e+02 3.258072753906250000e+03 1.460966339111328125e+02 1.530478515625000000e+02 1.367680297851562500e+03 3.883431701660156250e+02 2.935147399902343750e+02 3.427662048339843750e+02 6.164450073242187500e+02 1.080137863159179688e+02 2.314135894775390625e+02 3.831834106445312500e+02
9.042738342285156250e+01 4.468939208984375000e+02 5.443225860595703125e+01 1.435866088867187500e+02 1.484654541015625000e+02 3.255713867187500000e+03 1.451864471435546875e+02 1.471210021972656250e+02 1.326359619140625000e+03 3.920451049804687500e+02 2.832165527343750000e+02 3.442941284179687500e+02 6.276587524414062500e+02 1.060038299560546875e+02 2.249290161132812500e+02 3.721262817382812500e+02
8.411357116699218750e+01 4.388717651367187500e+02 5.050955200195312500e+01 1.372159423828125000e+02 1.483558654785156250e+02 3.270709472656250000e+03 1.437985382080078125e+02 1.416487731933593750e+02 1.295901123046875000e+03 3.747384338378906250e+02 2.716991577148437500e+02 3.445840148925781250e+02 6.238833007812500000e+02 1.029380950927734375e+02 2.184985961914062500e+02 3.635982055664062500e+02
8.177804565429687500e+01 4.414170837402343750e+02 4.728644180297851562e+01 1.334183959960937500e+02 1.488461303710937500e+02 3.269333007812500000e+03 1.407212066650390625e+02 1.369669036865234375e+02 1.277788574218750000e+03 3.724182739257812500e+02 2.702265625000000000e+02 3.507731628417968750e+02 6.230393066406250000e+02 1.004858551025390625e+02 2.155207214355468750e+02 3.626599731445312500e+02
7.725434875488281250e+01 4.416688842773437500e+02 4.664643096923828125e+01 1.273096313476562500e+02 1.479991455078125000e+02 3.280335205078125000e+03 1.377129974365234375e+02 1.358370971679687500e+02 1.281575439453125000e+03 3.786394348144531250e+02 2.640907592773437500e+02 3.547128295898437500e+02 6.213304443359375000e+02 1.002399291992187500e+02 2.096782226562500000e+02 3.644840698242187500e+02
7.510505676269531250e+01 4.371932983398437500e+02 4.295449829101562500e+01 1.176499938964843750e+02 1.460785522460937500e+02 3.262840820312500000e+03 1.358165435791015625e+02 1.314231872558593750e+02 1.275164184570312500e+03 3.614414062500000000e+02 2.555108489990234375e+02 3.526064758300781250e+02 6.099019775390625000e+02 1.001611404418945312e+02 1.978894348144531250e+02 3.628119506835937500e+02
7.182286071777343750e+01 4.389165039062500000e+02 4.068179702758789062e+01 1.129288024902343750e+02 1.453603057861328125e+02 3.271847656250000000e+03 1.327463989257812500e+02 1.341486053466796875e+02 1.265604614257812500e+03 3.514414367675781250e+02 2.512307281494140625e+02 3.537676086425781250e+02 6.052342529296875000e+02 9.711370849609375000e+01 1.829990997314453125e+02 3.567298278808593750e+02
6.853428649902343750e+01 4.272572021484375000e+02 4.083075332641601562e+01 1.073507995605468750e+02 1.419962768554687500e+02 3.226257812500000000e+03 1.273846969604492188e+02 1.318843078613281250e+02 1.223547363281250000e+03 3.419943847656250000e+02 2.430001373291015625e+02 3.508084716796875000e+02 5.935087890625000000e+02 9.530973815917968750e+01 1.769149780273437500e+02 3.489082641601562500e+02
6.632781219482421875e+01 4.194973144531250000e+02 4.129556655883789062e+01 1.074311828613281250e+02 1.363748931884765625e+02 3.259582519531250000e+03 1.234415512084960938e+02 1.271669464111328125e+02 1.209076293945312500e+03 3.398247680664062500e+02 2.370650939941406250e+02 3.466078491210937500e+02 5.787526855468750000e+02 9.558384704589843750e+01 1.764035644531250000e+02 3.437633056640625000e+02
6.975569152832031250e+01 4.124309997558593750e+02 4.255073547363281250e+01 1.060099945068359375e+02 1.305991058349609375e+02 3.236818359375000000e+03 1.230892562866210938e+02 1.247478866577148438e+02 1.182033203125000000e+03 3.285726013183593750e+02 2.324012908935546875e+02 3.443610229492187500e+02 5.663834228515625000e+02 9.448580932617187500e+01 1.822252502441406250e+02 3.437894287109375000e+02
6.975276184082031250e+01 4.169337768554687500e+02 4.489652252197265625e+01 1.041053314208984375e+02 1.284889221191406250e+02 3.288878173828125000e+03 1.274825210571289062e+02 1.252481231689453125e+02 1.211822265625000000e+03 3.263156127929687500e+02 2.327778930664062500e+02 3.405036926269531250e+02 5.681749267578125000e+02 9.289387512207031250e+01 1.940862579345703125e+02 3.425738830566406250e+02
7.117636108398437500e+01 4.190125122070312500e+02 5.293655776977539062e+01 9.949040222167968750e+01 1.257650604248046875e+02 3.322543212890625000e+03 1.304556579589843750e+02 1.247611160278320312e+02 1.188706542968750000e+03 3.201437988281250000e+02 2.294574584960937500e+02 3.394932861328125000e+02 5.595512084960937500e+02 9.029109191894531250e+01 2.073742675781250000e+02 3.575151977539062500e+02
7.803275299072265625e+01 4.228504028320312500e+02 5.588484191894531250e+01 9.694178771972656250e+01 1.261860656738281250e+02 3.392856689453125000e+03 1.321031799316406250e+02 1.257320251464843750e+02 1.197852050781250000e+03 3.142186279296875000e+02 2.271145324707031250e+02 3.406886596679687500e+02 5.654302978515625000e+02 9.003189849853515625e+01 2.111260681152343750e+02 3.708442382812500000e+02
8.026455688476562500e+01 4.188034057617187500e+02 5.364046478271484375e+01 9.234538269042968750e+01 1.259315872192382812e+02 3.300834960937500000e+03 1.311684570312500000e+02 1.241824417114257812e+02 1.232160888671875000e+03 3.191287231445312500e+02 2.257058715820312500e+02 3.394035339355468750e+02 5.728281250000000000e+02 8.891345214843750000e+01 2.040673675537109375e+02 3.646866455078125000e+02
7.504635620117187500e+01 4.180836181640625000e+02 5.393263626098632812e+01 8.959538269042968750e+01 1.269109954833984375e+02 3.251085449218750000e+03 1.300065612792968750e+02 1.220138549804687500e+02 1.291385864257812500e+03 3.192897949218750000e+02 2.245835571289062500e+02 3.364203186035156250e+02 5.813831787109375000e+02 9.227713012695312500e+01 2.021410522460937500e+02 3.554224243164062500e+02
7.515892028808593750e+01 4.184359741210937500e+02 5.916569137573242188e+01 8.932371520996093750e+01 1.271794052124023438e+02 3.234847656250000000e+03 1.291736145019531250e+02 1.224642333984375000e+02 1.316369873046875000e+03 3.129505004882812500e+02 2.230710754394531250e+02 3.383243103027343750e+02 5.906204223632812500e+02 1.006323165893554688e+02 2.147890472412109375e+02 3.465366210937500000e+02
7.867594909667968750e+01 4.294848632812500000e+02 6.329294967651367188e+01 9.323469543457031250e+01 1.278050613403320312e+02 3.310658691406250000e+03 1.287255859375000000e+02 1.266684875488281250e+02 1.314919921875000000e+03 3.010613403320312500e+02 2.290858764648437500e+02 3.404625549316406250e+02 5.918555297851562500e+02 1.084406967163085938e+02 2.315089721679687500e+02 3.452972106933593750e+02
7.829684448242187500e+01 4.303206787109375000e+02 6.338885498046875000e+01 9.480358886718750000e+01 1.289992370605468750e+02 3.326024902343750000e+03 1.313810119628906250e+02 1.251211318969726562e+02 1.306983886718750000e+03 2.963276367187500000e+02 2.336645355224609375e+02 3.388029479980468750e+02 5.895469360351562500e+02 1.104955291748046875e+02 2.488842163085937500e+02 3.450810852050781250e+02
8.155629730224609375e+01 4.364780883789062500e+02 6.291654968261718750e+01 9.947200012207031250e+01 1.302829589843750000e+02 3.396800537109375000e+03 1.349460144042968750e+02 1.253045425415039062e+02 1.303016479492187500e+03 3.029180908203125000e+02 2.395784149169921875e+02 3.409062194824218750e+02 5.908129882812500000e+02 1.167619934082031250e+02 2.615619812011718750e+02 3.512151489257812500e+02
8.401351165771484375e+01 4.436518249511718750e+02 6.127487564086914062e+01 1.085156555175781250e+02 1.305409393310546875e+02 3.423318847656250000e+03 1.373084716796875000e+02 1.254649200439453125e+02 1.410443603515625000e+03 3.053455505371093750e+02 2.487384490966796875e+02 3.407691345214843750e+02 5.937210693359375000e+02 1.183628158569335938e+02 2.712953796386718750e+02 3.623140258789062500e+02
8.423276519775390625e+01 4.425203857421875000e+02 5.944483947753906250e+01 1.114866180419921875e+02 1.304681091308593750e+02 3.427858398437500000e+03 1.368675537109375000e+02 1.245538482666015625e+02 1.500977294921875000e+03 3.038889770507812500e+02 2.497806701660156250e+02 3.373488464355468750e+02 5.947883300781250000e+02 1.149488372802734375e+02 2.687801208496093750e+02 3.694781799316406250e+02
8.874687957763671875e+01 4.437735290527343750e+02 6.138884735107421875e+01 1.135210266113281250e+02 1.319801788330078125e+02 3.414848876953125000e+03 1.384389648437500000e+02 1.259781494140625000e+02 1.532271240234375000e+03 3.011735839843750000e+02 2.513968048095703125e+02 3.380558776855468750e+02 5.943615722656250000e+02 1.221194610595703125e+02 2.748221740722656250e+02 3.679239501953125000e+02
9.056549072265625000e+01 4.520394287109375000e+02 6.284547042846679688e+01 1.172854614257812500e+02 1.359625244140625000e+02 3.469075439453125000e+03 1.423727569580078125e+02 1.255624237060546875e+02 1.625930053710937500e+03 3.061352539062500000e+02 2.577533874511718750e+02 3.398275756835937500e+02 5.965418701171875000e+02 1.312653808593750000e+02 2.673586120605468750e+02 3.785520019531250000e+02
8.813699340820312500e+01 4.554276123046875000e+02 5.965544891357421875e+01 1.174608612060546875e+02 1.369979705810546875e+02 3.464701171875000000e+03 1.418282470703125000e+02 1.236683197021484375e+02 1.667461303710937500e+03 3.092906188964843750e+02 2.549305725097656250e+02 3.391839904785156250e+02 5.936883544921875000e+02 1.284266052246093750e+02 2.710782775878906250e+02 3.848836364746093750e+02
8.310341644287109375e+01 4.468838500976562500e+02 5.289172363281250000e+01 1.181427154541015625e+02 1.363689117431640625e+02 3.500033691406250000e+03 1.391343078613281250e+02 1.240410537719726562e+02 1.650343750000000000e+03 3.105074768066406250e+02 2.506979827880859375e+02 3.291254272460937500e+02 5.906052246093750000e+02 1.270345535278320312e+02 2.705745849609375000e+02 3.748390502929687500e+02
7.770280456542968750e+01 4.392007141113281250e+02 4.793606185913085938e+01 1.167534484863281250e+02 1.356313018798828125e+02 3.519855468750000000e+03 1.375678405761718750e+02 1.220214538574218750e+02 1.657345703125000000e+03 3.115625305175781250e+02 2.473271484375000000e+02 3.201832885742187500e+02 5.912149658203125000e+02 1.283209686279296875e+02 2.577031555175781250e+02 3.695108032226562500e+02
7.471139526367187500e+01 4.479859619140625000e+02 5.091147994995117188e+01 1.224746246337890625e+02 1.389921875000000000e+02 3.623856933593750000e+03 1.369178161621093750e+02 1.243540802001953125e+02 1.607304565429687500e+03 3.188677673339843750e+02 2.496263885498046875e+02 3.287891540527343750e+02 5.963397827148437500e+02 1.256858520507812500e+02 2.576150817871093750e+02 3.740911560058593750e+02
7.673941802978515625e+01 4.503269653320312500e+02 5.491792297363281250e+01 1.218242950439453125e+02 1.416401062011718750e+02 3.682024658203125000e+03 1.369105834960937500e+02 1.251620941162109375e+02 1.527620361328125000e+03 3.431057128906250000e+02 2.540297546386718750e+02 3.379751586914062500e+02 5.953782958984375000e+02 1.215503082275390625e+02 2.592315673828125000e+02 3.856698608398437500e+02
7.542351531982421875e+01 4.582556152343750000e+02 5.408280181884765625e+01 1.172574462890625000e+02 1.419597625732421875e+02 3.697043212890625000e+03 1.348433837890625000e+02 1.237915954589843750e+02 1.470236694335937500e+03 3.470198974609375000e+02 2.565913391113281250e+02 3.407790222167968750e+02 5.913041992187500000e+02 1.138675308227539062e+02 2.604038085937500000e+02 3.942309570312500000e+02
7.715437316894531250e+01 4.610072021484375000e+02 5.487357330322265625e+01 1.145496063232421875e+02 1.437094879150390625e+02 3.694376953125000000e+03 1.343664550781250000e+02 1.233555221557617188e+02 1.443445678710937500e+03 3.480469055175781250e+02 2.628529357910156250e+02 3.452089538574218750e+02 5.964689941406250000e+02 1.056877136230468750e+02 2.642377624511718750e+02 3.996560363769531250e+02
7.887904357910156250e+01 4.649173583984375000e+02 5.487772369384765625e+01 1.179212188720703125e+02 1.460492248535156250e+02 3.716786132812500000e+03 1.343595581054687500e+02 1.233050994873046875e+02 1.422888916015625000e+03 3.403098754882812500e+02 2.631821289062500000e+02 3.479229736328125000e+02 6.035924072265625000e+02 1.019174041748046875e+02 2.608245239257812500e+02 4.070051269531250000e+02
8.142619323730468750e+01 4.644142150878906250e+02 5.659358978271484375e+01 1.170864257812500000e+02 1.482981262207031250e+02 3.746645507812500000e+03 1.364664611816406250e+02 1.242665023803710938e+02 1.399951904296875000e+03 3.355348510742187500e+02 2.613117370605468750e+02 3.517749023437500000e+02 6.103822631835937500e+02 1.000081939697265625e+02 2.508887329101562500e+02 4.190323181152343750e+02
8.107528686523437500e+01 4.614619140625000000e+02 5.539997100830078125e+01 1.168888244628906250e+02 1.487418518066406250e+02 3.739065917968750000e+03 1.423646697998046875e+02 1.234224166870117188e+02 1.313010986328125000e+03 3.386583557128906250e+02 2.577757873535156250e+02 3.550056152343750000e+02 6.068312988281250000e+02 1.025138854980468750e+02 2.394919738769531250e+02 4.079384460449218750e+02
8.580615234375000000e+01 4.489249877929687500e+02 5.254040527343750000e+01 1.158662719726562500e+02 1.482773742675781250e+02 3.711436523437500000e+03 1.404503784179687500e+02 1.230376510620117188e+02 1.259896484375000000e+03 3.292063903808593750e+02 2.527442016601562500e+02 3.473313903808593750e+02 6.110036621093750000e+02 1.025436553955078125e+02 2.265757446289062500e+02 3.947869567871093750e+02
8.540261077880859375e+01 4.475124511718750000e+02 4.729704284667968750e+01 1.159877929687500000e+02 1.478667907714843750e+02 3.754186035156250000e+03 1.387091979980468750e+02 1.225069503784179688e+02 1.267358276367187500e+03 3.290366821289062500e+02 2.508144073486328125e+02 3.452397766113281250e+02 6.175867919921875000e+02 9.970593261718750000e+01 2.169085845947265625e+02 4.027454223632812500e+02
8.868609619140625000e+01 4.389205322265625000e+02 4.342200469970703125e+01 1.153487396240234375e+02 1.467291870117187500e+02 3.772173339843750000e+03 1.382422790527343750e+02 1.222205581665039062e+02 1.233446899414062500e+03 3.196897583007812500e+02 2.495494689941406250e+02 3.405159301757812500e+02 6.183324584960937500e+02 1.020103149414062500e+02 2.088561706542968750e+02 3.936295776367187500e+02
9.268695831298828125e+01 4.379965209960937500e+02 4.557865905761718750e+01 1.150655059814453125e+02 1.471698303222656250e+02 3.875482421875000000e+03 1.385593566894531250e+02 1.224717712402343750e+02 1.196789062500000000e+03 3.184146118164062500e+02 2.518435668945312500e+02 3.368212585449218750e+02 6.179255981445312500e+02 1.038770294189453125e+02 1.987168579101562500e+02 4.005604248046875000e+02
8.877685546875000000e+01 4.406681823730468750e+02 5.043554687500000000e+01 1.168513641357421875e+02 1.475440979003906250e+02 3.966339843750000000e+03 1.365636749267578125e+02 1.209941101074218750e+02 1.208747192382812500e+03 3.191202392578125000e+02 2.581020507812500000e+02 3.420717773437500000e+02 6.140803222656250000e+02 1.042201995849609375e+02 1.946595153808593750e+02 4.142625122070312500e+02
