8.998890686035156250e+01 4.323184509277343750e+02 6.082685852050781250e+01 9.771046447753906250e+01 1.352109222412109375e+02 3.048006347656250000e+03 1.484881896972656250e+02 1.456435241699218750e+02 1.522950317382812500e+03 3.157349243164062500e+02 2.501543273925781250e+02 3.624735107421875000e+02 5.397778320312500000e+02 1.164243621826171875e+02 2.511756134033203125e+02 3.221994018554687500e+02
8.665763854980468750e+01 4.374940795898437500e+02 5.976455688476562500e+01 9.903572082519531250e+01 1.372373962402343750e+02 3.078205566406250000e+03 1.482463378906250000e+02 1.458806762695312500e+02 1.500574096679687500e+03 3.136874389648437500e+02 2.556077880859375000e+02 3.666449584960937500e+02 5.370417480468750000e+02 1.102655639648437500e+02 2.637229309082031250e+02 3.271991577148437500e+02
8.378454589843750000e+01 4.472331237792968750e+02 5.708816909790039062e+01 1.030105895996093750e+02 1.390816345214843750e+02 3.072753417968750000e+03 1.504738769531250000e+02 1.483906555175781250e+02 1.563776489257812500e+03 3.150548095703125000e+02 2.594141235351562500e+02 3.657919006347656250e+02 5.154044189453125000e+02 1.048589477539062500e+02 2.656309814453125000e+02 3.310989990234375000e+02
9.194282531738281250e+01 4.533544006347656250e+02 5.236313629150390625e+01 1.051114349365234375e+02 1.408699951171875000e+02 3.015790527343750000e+03 1.494254150390625000e+02 1.463530578613281250e+02 1.545671386718750000e+03 3.176594848632812500e+02 2.578905639648437500e+02 3.643114624023437500e+02 5.381209716796875000e+02 1.083500900268554688e+02 2.631796264648437500e+02 3.285702209472656250e+02
9.054521942138671875e+01 4.632612609863281250e+02 5.115710067749023438e+01 1.052953796386718750e+02 1.426831665039062500e+02 3.069172851562500000e+03 1.497212677001953125e+02 1.479815368652343750e+02 1.502174438476562500e+03 3.309046936035156250e+02 2.668426513671875000e+02 3.662637939453125000e+02 5.214340209960937500e+02 1.087683715820312500e+02 2.634697570800781250e+02 3.302424621582031250e+02
8.428250122070312500e+01 4.637768554687500000e+02 4.797753524780273438e+01 1.051573486328125000e+02 1.431088714599609375e+02 3.030544921875000000e+03 1.476268615722656250e+02 1.526927795410156250e+02 1.489217041015625000e+03 3.351218261718750000e+02 2.713157958984375000e+02 3.644842224121093750e+02 5.114881591796875000e+02 1.089724273681640625e+02 2.529819793701171875e+02 3.352933044433593750e+02
8.108547973632812500e+01 4.754763183593750000e+02 4.395858001708984375e+01 1.024117889404296875e+02 1.439169158935546875e+02 3.003309570312500000e+03 1.559421081542968750e+02 1.539231567382812500e+02 1.463383666992187500e+03 3.437768554687500000e+02 2.788591918945312500e+02 3.646849365234375000e+02 5.270871582031250000e+02 1.073427276611328125e+02 2.526428375244140625e+02 3.348701171875000000e+02
8.048777770996093750e+01 4.761860351562500000e+02 4.502947998046875000e+01 1.015236053466796875e+02 1.466991577148437500e+02 3.020043457031250000e+03 1.522688446044921875e+02 1.556653289794921875e+02 1.448223266601562500e+03 3.365323486328125000e+02 2.841867065429687500e+02 3.656978149414062500e+02 5.482155151367187500e+02 1.062423095703125000e+02 2.373236846923828125e+02 3.312448730468750000e+02
7.671783447265625000e+01 4.645498962402343750e+02 4.126574325561523438e+01 9.861000061035156250e+01 1.457672882080078125e+02 3.011895019531250000e+03 1.506932373046875000e+02 1.494446105957031250e+02 1.434834472656250000e+03 3.266195068359375000e+02 2.792462158203125000e+02 3.623952941894531250e+02 5.464511718750000000e+02 1.038901062011718750e+02 2.311028594970703125e+02 3.296268005371093750e+02
7.754627990722656250e+01 4.530079956054687500e+02 3.759742355346679688e+01 9.788471984863281250e+01 1.456184082031250000e+02 3.054409912109375000e+03 1.463332366943359375e+02 1.478265075683593750e+02 1.380066650390625000e+03 3.211780700683593750e+02 2.758886413574218750e+02 3.640068054199218750e+02 5.244914550781250000e+02 1.017866058349609375e+02 2.247820434570312500e+02 3.231225585937500000e+02
7.461058044433593750e+01 4.482748413085937500e+02 3.718811416625976562e+01 9.608714294433593750e+01 1.464566650390625000e+02 3.081083007812500000e+03 1.428880920410156250e+02 1.428139648437500000e+02 1.318472167968750000e+03 3.193879394531250000e+02 2.720775146484375000e+02 3.632319641113281250e+02 5.303140869140625000e+02 9.902543640136718750e+01 2.226684265136718750e+02 3.215957336425781250e+02
7.245240783691406250e+01 4.428037109375000000e+02 3.172902297973632812e+01 9.496118164062500000e+01 1.455646667480468750e+02 3.012015625000000000e+03 1.403488159179687500e+02 1.382149353027343750e+02 1.280658447265625000e+03 3.207529907226562500e+02 2.697623901367187500e+02 3.599976196289062500e+02 5.139667968750000000e+02 9.921573638916015625e+01 2.136312866210937500e+02 3.194368896484375000e+02
7.183442687988281250e+01 4.375006713867187500e+02 2.741238021850585938e+01 9.334170532226562500e+01 1.461667785644531250e+02 2.963693603515625000e+03 1.375769348144531250e+02 1.351078643798828125e+02 1.267044677734375000e+03 3.202872314453125000e+02 2.657890625000000000e+02 3.561972656250000000e+02 4.892012329101562500e+02 9.946762084960937500e+01 2.192112121582031250e+02 3.228349609375000000e+02
7.472671508789062500e+01 4.335142211914062500e+02 2.616663360595703125e+01 9.109967041015625000e+01 1.437791290283203125e+02 2.924269531250000000e+03 1.359981384277343750e+02 1.346243286132812500e+02 1.220707031250000000e+03 3.122829895019531250e+02 2.612907104492187500e+02 3.504389648437500000e+02 4.714680786132812500e+02 9.972926330566406250e+01 2.035834655761718750e+02 3.234102783203125000e+02
7.073442077636718750e+01 4.196394958496093750e+02 2.363005828857421875e+01 8.470780944824218750e+01 1.412689056396484375e+02 2.881348632812500000e+03 1.339623107910156250e+02 1.305341186523437500e+02 1.185912963867187500e+03 3.098966674804687500e+02 2.516170043945312500e+02 3.391623535156250000e+02 4.452568969726562500e+02 9.757005310058593750e+01 1.925499267578125000e+02 3.193602905273437500e+02
6.754772949218750000e+01 4.056632080078125000e+02 1.924607849121093750e+01 7.905328369140625000e+01 1.349403991699218750e+02 2.841554199218750000e+03 1.289472351074218750e+02 1.230559082031250000e+02 1.136961425781250000e+03 3.080281372070312500e+02 2.404616546630859375e+02 3.217246093750000000e+02 4.173853149414062500e+02 9.572200012207031250e+01 1.826653594970703125e+02 3.128274841308593750e+02
6.798291015625000000e+01 4.011599121093750000e+02 1.852399063110351562e+01 7.800624084472656250e+01 1.292774353027343750e+02 2.873404785156250000e+03 1.288790588378906250e+02 1.240132064819335938e+02 1.137624145507812500e+03 3.101230163574218750e+02 2.375976715087890625e+02 3.193488159179687500e+02 3.974320373535156250e+02 9.558584594726562500e+01 1.767192382812500000e+02 3.128117065429687500e+02
6.589413452148437500e+01 3.966336975097656250e+02 1.865320587158203125e+01 7.709349060058593750e+01 1.219808883666992188e+02 2.866270263671875000e+03 1.280586853027343750e+02 1.217323150634765625e+02 1.141613037109375000e+03 3.101852722167968750e+02 2.322471160888671875e+02 3.128483276367187500e+02 3.788538208007812500e+02 9.452989196777343750e+01 1.743279113769531250e+02 3.161134643554687500e+02
6.551302337646484375e+01 3.950709228515625000e+02 1.965983200073242188e+01 7.683209228515625000e+01 1.204730987548828125e+02 2.914151855468750000e+03 1.265899887084960938e+02 1.217723617553710938e+02 1.136275268554687500e+03 3.083323364257812500e+02 2.324194183349609375e+02 3.086612548828125000e+02 3.939147949218750000e+02 9.673345947265625000e+01 1.818609924316406250e+02 3.243415527343750000e+02
6.572359466552734375e+01 3.924560241699218750e+02 2.028019714355468750e+01 7.957034301757812500e+01 1.201189498901367188e+02 2.969964355468750000e+03 1.253522262573242188e+02 1.239349822998046875e+02 1.146724365234375000e+03 3.133824768066406250e+02 2.371047210693359375e+02 3.089801330566406250e+02 3.991213378906250000e+02 9.913810729980468750e+01 1.871980590820312500e+02 3.313723754882812500e+02
7.105870056152343750e+01 3.926643066406250000e+02 2.056468582153320312e+01 8.215748596191406250e+01 1.172947006225585938e+02 2.999941162109375000e+03 1.271720886230468750e+02 1.236724472045898438e+02 1.140997070312500000e+03 3.126702270507812500e+02 2.367312774658203125e+02 2.990599060058593750e+02 3.911632385253906250e+02 9.963813781738281250e+01 1.859715118408203125e+02 3.351071472167968750e+02
7.288079071044921875e+01 3.995945129394531250e+02 2.543910980224609375e+01 8.831465148925781250e+01 1.156718521118164062e+02 3.047879394531250000e+03 1.284691772460937500e+02 1.259657974243164062e+02 1.205435668945312500e+03 3.057205505371093750e+02 2.414324493408203125e+02 3.002685852050781250e+02 3.774991455078125000e+02 9.866644287109375000e+01 1.835222473144531250e+02 3.334631347656250000e+02
9.747558593750000000e+01 4.728397521972656250e+02 5.812214279174804688e+01 1.512490234375000000e+02 1.389706115722656250e+02 3.121267089843750000e+03 1.514391326904296875e+02 1.546104888916015625e+02 1.395895996093750000e+03 3.507129516601562500e+02 3.017763061523437500e+02 3.256500549316406250e+02 5.042758483886718750e+02 1.105096435546875000e+02 2.180155792236328125e+02 3.817937927246093750e+02
9.017300415039062500e+01 4.455881958007812500e+02 5.139604187011718750e+01 1.382074584960937500e+02 1.307816772460937500e+02 3.114295166015625000e+03 1.441018066406250000e+02 1.449832763671875000e+02 1.359118408203125000e+03 3.740387878417968750e+02 2.802036743164062500e+02 2.995733032226562500e+02 5.228400268554687500e+02 1.040894470214843750e+02 2.103647460937500000e+02 3.610936889648437500e+02
8.360935974121093750e+01 4.303961181640625000e+02 4.548655319213867188e+01 1.263736495971679688e+02 1.299412384033203125e+02 3.271831787109375000e+03 1.368464050292968750e+02 1.403496704101562500e+02 1.327261474609375000e+03 3.825294189453125000e+02 2.659354248046875000e+02 3.072635803222656250e+02 5.402959594726562500e+02 1.014462814331054688e+02 2.083450622558593750e+02 3.512650756835937500e+02
7.839422607421875000e+01 4.107941894531250000e+02 3.910768890380859375e+01 1.150210113525390625e+02 1.267361526489257812e+02 3.208796386718750000e+03 1.347714233398437500e+02 1.317022247314453125e+02 1.262241699218750000e+03 3.736825256347656250e+02 2.515343475341796875e+02 3.056112976074218750e+02 5.402152709960937500e+02 9.816156005859375000e+01 1.977306365966796875e+02 3.370061340332031250e+02
7.156174468994140625e+01 4.002305908203125000e+02 3.529708099365234375e+01 1.065605010986328125e+02 1.270990905761718750e+02 3.163328613281250000e+03 1.323062438964843750e+02 1.256015167236328125e+02 1.224228515625000000e+03 3.486509399414062500e+02 2.385368652343750000e+02 3.045894470214843750e+02 5.257281494140625000e+02 9.450582122802734375e+01 1.894905548095703125e+02 3.294048461914062500e+02
6.953684997558593750e+01 4.027232971191406250e+02 3.290705490112304688e+01 1.023323516845703125e+02 1.294856109619140625e+02 3.107243164062500000e+03 1.277908020019531250e+02 1.200861129760742188e+02 1.205483520507812500e+03 3.490204772949218750e+02 2.385040893554687500e+02 3.173677978515625000e+02 5.314786376953125000e+02 9.143679809570312500e+01 1.892800598144531250e+02 3.309210205078125000e+02
6.331695556640625000e+01 3.953648986816406250e+02 3.207083511352539062e+01 9.174877929687500000e+01 1.299364013671875000e+02 3.035832519531250000e+03 1.226653976440429688e+02 1.174886093139648438e+02 1.209548583984375000e+03 3.570322265625000000e+02 2.267272186279296875e+02 3.228539428710937500e+02 5.394112548828125000e+02 9.055861663818359375e+01 1.834597167968750000e+02 3.297055053710937500e+02
6.159289550781250000e+01 3.861710815429687500e+02 2.752216339111328125e+01 7.997628784179687500e+01 1.281508789062500000e+02 2.969852539062500000e+03 1.207360916137695312e+02 1.120085983276367188e+02 1.189829345703125000e+03 3.310542907714843750e+02 2.160656585693359375e+02 3.178523559570312500e+02 5.215234375000000000e+02 9.023165893554687500e+01 1.714919738769531250e+02 3.263185424804687500e+02
5.895340728759765625e+01 3.908822631835937500e+02 2.716323471069335938e+01 7.876148986816406250e+01 1.300475158691406250e+02 2.935302734375000000e+03 1.182771301269531250e+02 1.178565368652343750e+02 1.176474853515625000e+03 3.203327026367187500e+02 2.146983489990234375e+02 3.251841430664062500e+02 5.225766601562500000e+02 8.709341430664062500e+01 1.605896911621093750e+02 3.214472961425781250e+02
5.736018371582031250e+01 3.810683898925781250e+02 2.989714813232421875e+01 7.702265930175781250e+01 1.301920623779296875e+02 2.830873046875000000e+03 1.143192367553710938e+02 1.161534347534179688e+02 1.129852783203125000e+03 3.107863769531250000e+02 2.099783020019531250e+02 3.275885009765625000e+02 5.311152343750000000e+02 8.661495971679687500e+01 1.612659759521484375e+02 3.173207397460937500e+02
5.666869354248046875e+01 3.770658569335937500e+02 3.207621765136718750e+01 8.122998046875000000e+01 1.277315826416015625e+02 2.887468017578125000e+03 1.119993591308593750e+02 1.120776443481445312e+02 1.133252075195312500e+03 3.131119384765625000e+02 2.074060058593750000e+02 3.301089782714843750e+02 5.407633666992187500e+02 8.772007751464843750e+01 1.651911926269531250e+02 3.163219299316406250e+02
6.291160583496093750e+01 3.738327941894531250e+02 3.498983001708984375e+01 8.129739379882812500e+01 1.243113784790039062e+02 2.854822753906250000e+03 1.135086975097656250e+02 1.112954864501953125e+02 1.110203247070312500e+03 3.004963989257812500e+02 2.056031799316406250e+02 3.332954406738281250e+02 5.436788330078125000e+02 8.671879577636718750e+01 1.740660858154296875e+02 3.201251831054687500e+02
6.389978027343750000e+01 3.920706481933593750e+02 4.296355056762695312e+01 8.592646789550781250e+01 1.254609756469726562e+02 3.001671875000000000e+03 1.219675827026367188e+02 1.161714782714843750e+02 1.190331054687500000e+03 2.991838989257812500e+02 2.142687072753906250e+02 3.311243896484375000e+02 5.538826904296875000e+02 8.712738037109375000e+01 1.930267791748046875e+02 3.221945800781250000e+02
6.805722045898437500e+01 4.053654785156250000e+02 4.488853836059570312e+01 8.783404541015625000e+01 1.269633636474609375e+02 3.037334960937500000e+03 1.267548904418945312e+02 1.195068511962890625e+02 1.156319091796875000e+03 2.963073120117187500e+02 2.178215637207031250e+02 3.400970764160156250e+02 5.526979980468750000e+02 8.651211547851562500e+01 2.034684753417968750e+02 3.404716186523437500e+02
7.774559783935546875e+01 4.071169128417968750e+02 4.630506896972656250e+01 8.565907287597656250e+01 1.262964324951171875e+02 3.093637695312500000e+03 1.276145935058593750e+02 1.206716079711914062e+02 1.172107666015625000e+03 3.005563354492187500e+02 2.156308135986328125e+02 3.394575805664062500e+02 5.572045288085937500e+02 8.691476440429687500e+01 2.014704895019531250e+02 3.438919067382812500e+02
7.812619018554687500e+01 4.026201782226562500e+02 4.241640853881835938e+01 8.213523864746093750e+01 1.259633331298828125e+02 2.969714843750000000e+03 1.261393356323242188e+02 1.190953216552734375e+02 1.221605224609375000e+03 3.103173828125000000e+02 2.158233795166015625e+02 3.381499633789062500e+02 5.715836181640625000e+02 8.605761718750000000e+01 1.926919403076171875e+02 3.362254028320312500e+02
7.131578063964843750e+01 4.001927795410156250e+02 4.310163879394531250e+01 8.014613342285156250e+01 1.270714797973632812e+02 2.975745849609375000e+03 1.251725158691406250e+02 1.166730194091796875e+02 1.292527343750000000e+03 3.077277832031250000e+02 2.148003387451171875e+02 3.321681518554687500e+02 5.766862792968750000e+02 9.120660400390625000e+01 1.898576965332031250e+02 3.255791625976562500e+02
7.246443176269531250e+01 4.000382690429687500e+02 5.198904800415039062e+01 8.037625122070312500e+01 1.266722564697265625e+02 3.014724609375000000e+03 1.244328613281250000e+02 1.175962600708007812e+02 1.295401977539062500e+03 2.973077392578125000e+02 2.125771484375000000e+02 3.357654113769531250e+02 5.830406494140625000e+02 1.023395919799804688e+02 2.080807037353515625e+02 3.197059020996093750e+02
7.722531890869140625e+01 4.168324584960937500e+02 5.648353576660156250e+01 8.505763244628906250e+01 1.271133728027343750e+02 3.097257812500000000e+03 1.238821182250976562e+02 1.222265625000000000e+02 1.275517700195312500e+03 2.870319519042968750e+02 2.209583282470703125e+02 3.395474853515625000e+02 5.810669555664062500e+02 1.093831329345703125e+02 2.325565490722656250e+02 3.254602050781250000e+02
7.450941467285156250e+01 4.123021240234375000e+02 5.456118392944335938e+01 8.437162780761718750e+01 1.279220809936523438e+02 3.103848632812500000e+03 1.269714813232421875e+02 1.187421646118164062e+02 1.262100952148437500e+03 2.836784057617187500e+02 2.228602142333984375e+02 3.350699462890625000e+02 5.725443115234375000e+02 1.083587646484375000e+02 2.517736358642578125e+02 3.281304016113281250e+02
7.902577209472656250e+01 4.176769409179687500e+02 5.321915817260742188e+01 8.790675354003906250e+01 1.286887512207031250e+02 3.199748535156250000e+03 1.300220947265625000e+02 1.181943206787109375e+02 1.250455322265625000e+03 2.911837463378906250e+02 2.268947601318359375e+02 3.376343078613281250e+02 5.682163696289062500e+02 1.165959548950195312e+02 2.612592468261718750e+02 3.370720520019531250e+02
8.011384582519531250e+01 4.244156494140625000e+02 5.173415374755859375e+01 9.759410095214843750e+01 1.286067962646484375e+02 3.256888183593750000e+03 1.310669097900390625e+02 1.178748168945312500e+02 1.425278808593750000e+03 2.900099487304687500e+02 2.355823822021484375e+02 3.369663696289062500e+02 5.710863647460937500e+02 1.151406402587890625e+02 2.691109619140625000e+02 3.480599060058593750e+02
7.932081604003906250e+01 4.204921875000000000e+02 5.036917114257812500e+01 9.735786437988281250e+01 1.275241241455078125e+02 3.209919677734375000e+03 1.293613128662109375e+02 1.159071197509765625e+02 1.487089111328125000e+03 2.858268737792968750e+02 2.327982025146484375e+02 3.288584289550781250e+02 5.701621704101562500e+02 1.106945724487304688e+02 2.603666687011718750e+02 3.531604614257812500e+02
8.531150817871093750e+01 4.271237182617187500e+02 5.415486907958984375e+01 1.008225402832031250e+02 1.286543579101562500e+02 3.238763671875000000e+03 1.324242248535156250e+02 1.188754806518554688e+02 1.484325195312500000e+03 2.830971679687500000e+02 2.366273040771484375e+02 3.305100708007812500e+02 5.656771240234375000e+02 1.236284179687500000e+02 2.694602355957031250e+02 3.508896179199218750e+02
8.858541107177734375e+01 4.412828674316406250e+02 5.531270599365234375e+01 1.076062011718750000e+02 1.343641967773437500e+02 3.377120849609375000e+03 1.388154602050781250e+02 1.193150177001953125e+02 1.569331665039062500e+03 2.922269592285156250e+02 2.479326782226562500e+02 3.331394042968750000e+02 5.657445068359375000e+02 1.312188873291015625e+02 2.557608337402343750e+02 3.683282165527343750e+02
8.360876464843750000e+01 4.457242126464843750e+02 5.030944061279296875e+01 1.082823333740234375e+02 1.352059020996093750e+02 3.369919433593750000e+03 1.375776672363281250e+02 1.177397842407226562e+02 1.607694091796875000e+03 2.963358154296875000e+02 2.442406921386718750e+02 3.297903442382812500e+02 5.540643310546875000e+02 1.232686309814453125e+02 2.637031555175781250e+02 3.679186096191406250e+02
7.890440368652343750e+01 4.347661132812500000e+02 4.257654953002929688e+01 1.105421905517578125e+02 1.326313934326171875e+02 3.471519775390625000e+03 1.345443267822265625e+02 1.192688827514648438e+02 1.549640502929687500e+03 2.979826049804687500e+02 2.408412628173828125e+02 3.074269714355468750e+02 5.416328125000000000e+02 1.204947204589843750e+02 2.585215148925781250e+02 3.583686218261718750e+02
7.478655242919921875e+01 4.286315002441406250e+02 3.795230102539062500e+01 1.100076904296875000e+02 1.299339752197265625e+02 3.491274658203125000e+03 1.337837219238281250e+02 1.168248214721679688e+02 1.566349121093750000e+03 3.000091552734375000e+02 2.392233276367187500e+02 2.920472106933593750e+02 5.402764892578125000e+02 1.225387725830078125e+02 2.425919036865234375e+02 3.548412475585937500e+02
7.247120666503906250e+01 4.449655456542968750e+02 4.313607025146484375e+01 1.196404724121093750e+02 1.367821350097656250e+02 3.633357666015625000e+03 1.340832366943359375e+02 1.207689514160156250e+02 1.510481567382812500e+03 3.085876464843750000e+02 2.450311279296875000e+02 3.120682067871093750e+02 5.512163696289062500e+02 1.190102386474609375e+02 2.447716979980468750e+02 3.582899475097656250e+02
7.554633331298828125e+01 4.464649658203125000e+02 4.576944732666015625e+01 1.183646392822265625e+02 1.434552612304687500e+02 3.650563476562500000e+03 1.349883728027343750e+02 1.216245040893554688e+02 1.448844116210937500e+03 3.428678283691406250e+02 2.515765075683593750e+02 3.278424987792968750e+02 5.470365600585937500e+02 1.147020721435546875e+02 2.447415924072265625e+02 3.636010437011718750e+02
7.444010925292968750e+01 4.569506835937500000e+02 4.191101837158203125e+01 1.140606231689453125e+02 1.443124084472656250e+02 3.699535644531250000e+03 1.328740081787109375e+02 1.200435333251953125e+02 1.417069213867187500e+03 3.422264404296875000e+02 2.547115173339843750e+02 3.325399475097656250e+02 5.405765380859375000e+02 1.078848342895507812e+02 2.459247894287109375e+02 3.676469116210937500e+02
7.861803436279296875e+01 4.623235473632812500e+02 4.307337951660156250e+01 1.149685211181640625e+02 1.476862182617187500e+02 3.772431640625000000e+03 1.337617797851562500e+02 1.205319671630859375e+02 1.406639038085937500e+03 3.477115478515625000e+02 2.641069335937500000e+02 3.411497802734375000e+02 5.532130126953125000e+02 1.031800384521484375e+02 2.520653533935546875e+02 3.744826354980468750e+02
8.199839782714843750e+01 4.741617431640625000e+02 4.410875701904296875e+01 1.260938110351562500e+02 1.496670837402343750e+02 3.895956542968750000e+03 1.361989135742187500e+02 1.229431533813476562e+02 1.393733886718750000e+03 3.425757751464843750e+02 2.681593627929687500e+02 3.413494567871093750e+02 5.605656738281250000e+02 1.025318527221679688e+02 2.449908142089843750e+02 3.836488342285156250e+02
8.604915618896484375e+01 4.785212402343750000e+02 4.639593124389648438e+01 1.275445632934570312e+02 1.517151794433593750e+02 4.043258544921875000e+03 1.404673004150390625e+02 1.269540939331054688e+02 1.370153076171875000e+03 3.398292541503906250e+02 2.697929077148437500e+02 3.437568664550781250e+02 5.657212524414062500e+02 1.035870056152343750e+02 2.335370178222656250e+02 3.958301086425781250e+02
8.403379058837890625e+01 4.740559082031250000e+02 4.402762222290039062e+01 1.262275009155273438e+02 1.515207214355468750e+02 3.985626953125000000e+03 1.468121337890625000e+02 1.254265213012695312e+02 1.307365478515625000e+03 3.459584960937500000e+02 2.650966186523437500e+02 3.460784301757812500e+02 5.467687988281250000e+02 1.065872573852539062e+02 2.237775878906250000e+02 3.814080505371093750e+02
8.928575134277343750e+01 4.575346679687500000e+02 4.138333129882812500e+01 1.231657714843750000e+02 1.499734649658203125e+02 3.852471923828125000e+03 1.417322082519531250e+02 1.226052551269531250e+02 1.268236450195312500e+03 3.341661987304687500e+02 2.581591491699218750e+02 3.240572204589843750e+02 5.543929443359375000e+02 1.050954208374023438e+02 2.133520050048828125e+02 3.714244079589843750e+02
8.636893463134765625e+01 4.581363830566406250e+02 3.832006072998046875e+01 1.221392822265625000e+02 1.489138793945312500e+02 3.906246337890625000e+03 1.379810333251953125e+02 1.198619613647460938e+02 1.295184936523437500e+03 3.359175109863281250e+02 2.553225555419921875e+02 3.226304321289062500e+02 5.648453979492187500e+02 1.008615112304687500e+02 2.057808685302734375e+02 3.816961059570312500e+02
8.755416107177734375e+01 4.452062988281250000e+02 3.662072372436523438e+01 1.177557067871093750e+02 1.466902923583984375e+02 3.810402099609375000e+03 1.358832855224609375e+02 1.183666763305664062e+02 1.253431518554687500e+03 3.221600952148437500e+02 2.499210662841796875e+02 3.135889587402343750e+02 5.618267822265625000e+02 1.022492141723632812e+02 1.985831604003906250e+02 3.747406616210937500e+02
