1.151966476440429688e+02 5.321287841796875000e+02 7.971121978759765625e+01 1.601322937011718750e+02 1.104688720703125000e+02 3.634602539062500000e+03 1.798336181640625000e+02 1.865365295410156250e+02 1.665335327148437500e+03 3.746734924316406250e+02 3.199505615234375000e+02 3.224863281250000000e+02 5.161220092773437500e+02 1.337173309326171875e+02 2.681973571777343750e+02 3.772892150878906250e+02
1.121934661865234375e+02 5.313734741210937500e+02 7.745341491699218750e+01 1.604902038574218750e+02 1.115024642944335938e+02 3.632312988281250000e+03 1.772363586425781250e+02 1.846423645019531250e+02 1.646419433593750000e+03 3.697530517578125000e+02 3.219729003906250000e+02 3.251740112304687500e+02 5.153682250976562500e+02 1.281306762695312500e+02 2.739750061035156250e+02 3.804177856445312500e+02
1.076756057739257812e+02 5.306503295898437500e+02 7.383373260498046875e+01 1.600385589599609375e+02 1.123929290771484375e+02 3.614121337890625000e+03 1.759898681640625000e+02 1.829847259521484375e+02 1.666454833984375000e+03 3.667687377929687500e+02 3.201983032226562500e+02 3.247968750000000000e+02 5.070484008789062500e+02 1.230859222412109375e+02 2.750226135253906250e+02 3.804057617187500000e+02
1.116235046386718750e+02 5.290128173828125000e+02 6.842549133300781250e+01 1.579132080078125000e+02 1.129687500000000000e+02 3.569421875000000000e+03 1.728331146240234375e+02 1.781682739257812500e+02 1.664404418945312500e+03 3.649263305664062500e+02 3.153680114746093750e+02 3.236062927246093750e+02 5.138869628906250000e+02 1.244995880126953125e+02 2.729840698242187500e+02 3.757728576660156250e+02
1.093599319458007812e+02 5.319403686523437500e+02 6.518296051025390625e+01 1.549779510498046875e+02 1.139141387939453125e+02 3.551064453125000000e+03 1.707871246337890625e+02 1.758881988525390625e+02 1.640761474609375000e+03 3.733009643554687500e+02 3.178186340332031250e+02 3.243530883789062500e+02 5.081756591796875000e+02 1.242344207763671875e+02 2.716334228515625000e+02 3.730620117187500000e+02
1.037526092529296875e+02 5.277850341796875000e+02 6.173535156250000000e+01 1.524793395996093750e+02 1.144381866455078125e+02 3.508757812500000000e+03 1.674755401611328125e+02 1.771315307617187500e+02 1.616442749023437500e+03 3.761826782226562500e+02 3.182595825195312500e+02 3.237060852050781250e+02 5.027156066894531250e+02 1.227101058959960938e+02 2.626676635742187500e+02 3.735549926757812500e+02
9.911134338378906250e+01 5.331447143554687500e+02 5.774888610839843750e+01 1.487819519042968750e+02 1.150923995971679688e+02 3.473321777343750000e+03 1.720490112304687500e+02 1.760317382812500000e+02 1.579601196289062500e+03 3.836154174804687500e+02 3.221291198730468750e+02 3.234716186523437500e+02 5.047369384765625000e+02 1.202566909790039062e+02 2.588658142089843750e+02 3.703871154785156250e+02
9.623741149902343750e+01 5.310244140625000000e+02 5.576506423950195312e+01 1.455594482421875000e+02 1.167626113891601562e+02 3.439547607421875000e+03 1.683243103027343750e+02 1.747502593994140625e+02 1.552337158203125000e+03 3.785322570800781250e+02 3.257704467773437500e+02 3.239405517578125000e+02 5.045646362304687500e+02 1.179642944335937500e+02 2.428333587646484375e+02 3.650262756347656250e+02
9.269485473632812500e+01 5.228850097656250000e+02 5.178923797607421875e+01 1.417541809082031250e+02 1.161521377563476562e+02 3.415759765625000000e+03 1.674113006591796875e+02 1.683708801269531250e+02 1.527760986328125000e+03 3.698520507812500000e+02 3.231651611328125000e+02 3.210049743652343750e+02 4.953602294921875000e+02 1.159265975952148438e+02 2.326997528076171875e+02 3.618662414550781250e+02
9.291508483886718750e+01 5.148008422851562500e+02 4.860705184936523438e+01 1.397225036621093750e+02 1.153374023437500000e+02 3.416029785156250000e+03 1.641989746093750000e+02 1.672803497314453125e+02 1.495449218750000000e+03 3.630247192382812500e+02 3.221378784179687500e+02 3.194456481933593750e+02 4.774611206054687500e+02 1.144326324462890625e+02 2.246212005615234375e+02 3.570131835937500000e+02
9.087011718750000000e+01 5.133653564453125000e+02 4.831906127929687500e+01 1.383278045654296875e+02 1.148614883422851562e+02 3.442421386718750000e+03 1.618424835205078125e+02 1.655437164306640625e+02 1.461834228515625000e+03 3.620152282714843750e+02 3.215052490234375000e+02 3.156485595703125000e+02 4.687835083007812500e+02 1.124641113281250000e+02 2.210055541992187500e+02 3.567541503906250000e+02
8.942753601074218750e+01 5.132094726562500000e+02 4.658938217163085938e+01 1.385235595703125000e+02 1.151732406616210938e+02 3.449644775390625000e+03 1.605699462890625000e+02 1.636823730468750000e+02 1.438160888671875000e+03 3.663136901855468750e+02 3.236098022460937500e+02 3.133278198242187500e+02 4.567396240234375000e+02 1.132409362792968750e+02 2.155238952636718750e+02 3.571384277343750000e+02
8.949938964843750000e+01 5.135750732421875000e+02 4.585396957397460938e+01 1.393592376708984375e+02 1.173542785644531250e+02 3.475269042968750000e+03 1.593301239013671875e+02 1.627163543701171875e+02 1.437515625000000000e+03 3.695993957519531250e+02 3.246577758789062500e+02 3.142381591796875000e+02 4.525339050292968750e+02 1.146266479492187500e+02 2.197207946777343750e+02 3.635875244140625000e+02
9.420761108398437500e+01 5.193214111328125000e+02 4.847097015380859375e+01 1.412010498046875000e+02 1.181080932617187500e+02 3.511922607421875000e+03 1.600407867431640625e+02 1.657590942382812500e+02 1.435868530273437500e+03 3.681385192871093750e+02 3.280633850097656250e+02 3.150321655273437500e+02 4.532460632324218750e+02 1.169971389770507812e+02 2.192206115722656250e+02 3.702274475097656250e+02
9.568466186523437500e+01 5.227629394531250000e+02 5.098344421386718750e+01 1.458952941894531250e+02 1.193945159912109375e+02 3.551078613281250000e+03 1.628427734375000000e+02 1.683502044677734375e+02 1.439089477539062500e+03 3.762084960937500000e+02 3.303465881347656250e+02 3.131195678710937500e+02 4.501314086914062500e+02 1.188055038452148438e+02 2.216867828369140625e+02 3.785517883300781250e+02
9.632720947265625000e+01 5.240775146484375000e+02 5.161749267578125000e+01 1.496069641113281250e+02 1.192982482910156250e+02 3.568702148437500000e+03 1.629664306640625000e+02 1.674139099121093750e+02 1.423447021484375000e+03 3.849572448730468750e+02 3.300469970703125000e+02 3.080051269531250000e+02 4.475011901855468750e+02 1.199462432861328125e+02 2.225972290039062500e+02 3.826926879882812500e+02
9.908272552490234375e+01 5.281667480468750000e+02 5.363402557373046875e+01 1.535826721191406250e+02 1.203379592895507812e+02 3.603346191406250000e+03 1.651911315917968750e+02 1.713575286865234375e+02 1.441340820312500000e+03 3.952294006347656250e+02 3.330549316406250000e+02 3.118652038574218750e+02 4.464246215820312500e+02 1.220841064453125000e+02 2.224890136718750000e+02 3.891211547851562500e+02
9.889247131347656250e+01 5.291663818359375000e+02 5.564785003662109375e+01 1.563193206787109375e+02 1.200189971923828125e+02 3.616053710937500000e+03 1.661485595703125000e+02 1.715075988769531250e+02 1.461958862304687500e+03 4.020861816406250000e+02 3.314119262695312500e+02 3.121755371093750000e+02 4.428015441894531250e+02 1.226435699462890625e+02 2.231163177490234375e+02 3.972562561035156250e+02
9.905117797851562500e+01 5.297889404296875000e+02 5.755386352539062500e+01 1.583777008056640625e+02 1.212607192993164062e+02 3.638771484375000000e+03 1.658789672851562500e+02 1.723372955322265625e+02 1.466276000976562500e+03 4.035218811035156250e+02 3.321159973144531250e+02 3.123375549316406250e+02 4.495325012207031250e+02 1.255739746093750000e+02 2.288638458251953125e+02 4.078247375488281250e+02
9.908905029296875000e+01 5.263986206054687500e+02 5.817211532592773438e+01 1.616923217773437500e+02 1.223371047973632812e+02 3.664734863281250000e+03 1.648973999023437500e+02 1.744219665527343750e+02 1.479977905273437500e+03 4.088564453125000000e+02 3.355314331054687500e+02 3.136799316406250000e+02 4.532384643554687500e+02 1.285437927246093750e+02 2.336798248291015625e+02 4.168525085449218750e+02
1.034236450195312500e+02 5.228930053710937500e+02 5.766748046875000000e+01 1.638990325927734375e+02 1.216859207153320312e+02 3.692233886718750000e+03 1.655462646484375000e+02 1.733853302001953125e+02 1.465676147460937500e+03 4.070972595214843750e+02 3.331319274902343750e+02 3.085339355468750000e+02 4.502573852539062500e+02 1.294528656005859375e+02 2.329629821777343750e+02 4.221372070312500000e+02
1.054190063476562500e+02 5.235292358398437500e+02 6.012575149536132812e+01 1.678765258789062500e+02 1.212981643676757812e+02 3.716890380859375000e+03 1.656447296142578125e+02 1.735171203613281250e+02 1.504073730468750000e+03 3.981534729003906250e+02 3.335067443847656250e+02 3.088633422851562500e+02 4.417099304199218750e+02 1.278172073364257812e+02 2.286300964355468750e+02 4.196322326660156250e+02
9.867752838134765625e+01 4.798557739257812500e+02 5.785772323608398438e+01 1.510896759033203125e+02 1.141045379638671875e+02 3.581764892578125000e+03 1.551925354003906250e+02 1.570345458984375000e+02 1.491703979492187500e+03 3.778807983398437500e+02 3.029245300292968750e+02 2.854206542968750000e+02 4.595596008300781250e+02 1.173671951293945312e+02 2.229475402832031250e+02 3.911550292968750000e+02
9.280226135253906250e+01 4.553282775878906250e+02 5.386964416503906250e+01 1.404729461669921875e+02 1.046080093383789062e+02 3.445288085937500000e+03 1.491816558837890625e+02 1.475729217529296875e+02 1.473742919921875000e+03 3.901770629882812500e+02 2.827283325195312500e+02 2.634794006347656250e+02 4.710199890136718750e+02 1.113392944335937500e+02 2.188157043457031250e+02 3.692795410156250000e+02
9.078500366210937500e+01 4.527182006835937500e+02 5.286525726318359375e+01 1.398333740234375000e+02 1.007260894775390625e+02 3.414046630859375000e+03 1.471595611572265625e+02 1.472309875488281250e+02 1.481687622070312500e+03 4.053371582031250000e+02 2.785166931152343750e+02 2.644131469726562500e+02 4.860573120117187500e+02 1.108240432739257812e+02 2.235806427001953125e+02 3.648408508300781250e+02
9.012185668945312500e+01 4.509196777343750000e+02 5.102954864501953125e+01 1.404294128417968750e+02 9.669406127929687500e+01 3.381996337890625000e+03 1.493696594238281250e+02 1.454935760498046875e+02 1.460909667968750000e+03 4.117655639648437500e+02 2.766837158203125000e+02 2.637372741699218750e+02 4.941390075683593750e+02 1.105786590576171875e+02 2.232741241455078125e+02 3.598190307617187500e+02
8.796238708496093750e+01 4.535947875976562500e+02 5.037953567504882812e+01 1.414583435058593750e+02 9.519139099121093750e+01 3.370604492187500000e+03 1.511139373779296875e+02 1.447247924804687500e+02 1.458620239257812500e+03 4.028461914062500000e+02 2.748115234375000000e+02 2.639320678710937500e+02 4.950950317382812500e+02 1.099131698608398438e+02 2.212677917480468750e+02 3.590932006835937500e+02
8.873980712890625000e+01 4.676575927734375000e+02 5.040884780883789062e+01 1.452825622558593750e+02 9.522204589843750000e+01 3.373613037109375000e+03 1.512815551757812500e+02 1.443847808837890625e+02 1.469451171875000000e+03 4.118677673339843750e+02 2.828584594726562500e+02 2.705671997070312500e+02 5.007916259765625000e+02 1.097105026245117188e+02 2.247529144287109375e+02 3.664111938476562500e+02
8.766178894042968750e+01 4.802040100097656250e+02 5.249222183227539062e+01 1.475463562011718750e+02 9.473719787597656250e+01 3.406016601562500000e+03 1.520122985839843750e+02 1.481859436035156250e+02 1.504546508789062500e+03 4.249012451171875000e+02 2.859403686523437500e+02 2.751912231445312500e+02 5.063580322265625000e+02 1.123734588623046875e+02 2.244297637939453125e+02 3.751998596191406250e+02
8.935580444335937500e+01 4.885095825195312500e+02 5.228104782104492188e+01 1.468002166748046875e+02 9.399765777587890625e+01 3.446906982421875000e+03 1.543459777832031250e+02 1.487180480957031250e+02 1.527074584960937500e+03 4.153046569824218750e+02 2.873141174316406250e+02 2.743663635253906250e+02 5.045479736328125000e+02 1.152876586914062500e+02 2.192426910400390625e+02 3.811860046386718750e+02
8.917489624023437500e+01 5.027232666015625000e+02 5.332947158813476562e+01 1.510947875976562500e+02 9.551409912109375000e+01 3.490716308593750000e+03 1.548941040039062500e+02 1.567793273925781250e+02 1.543337768554687500e+03 4.132095031738281250e+02 2.926382446289062500e+02 2.790252075195312500e+02 5.078550109863281250e+02 1.144971389770507812e+02 2.124046020507812500e+02 3.829065551757812500e+02
8.861093902587890625e+01 5.005034790039062500e+02 5.529477691650390625e+01 1.525365600585937500e+02 9.533691406250000000e+01 3.487220703125000000e+03 1.532807617187500000e+02 1.579376220703125000e+02 1.514232299804687500e+03 4.075840454101562500e+02 2.918992004394531250e+02 2.804153442382812500e+02 5.114083557128906250e+02 1.146801834106445312e+02 2.139221649169921875e+02 3.826585083007812500e+02
8.803732299804687500e+01 4.991525573730468750e+02 5.648266983032226562e+01 1.572991943359375000e+02 9.314880371093750000e+01 3.520941650390625000e+03 1.517818603515625000e+02 1.554125518798828125e+02 1.518111816406250000e+03 4.102003784179687500e+02 2.905393066406250000e+02 2.813150024414062500e+02 5.143790893554687500e+02 1.159342956542968750e+02 2.170960998535156250e+02 3.827651367187500000e+02
9.263221740722656250e+01 4.962145996093750000e+02 5.747923278808593750e+01 1.575452728271484375e+02 9.043772888183593750e+01 3.532711181640625000e+03 1.527137908935546875e+02 1.545621185302734375e+02 1.499748413085937500e+03 4.002464904785156250e+02 2.888737792968750000e+02 2.824424743652343750e+02 5.142874755859375000e+02 1.152109375000000000e+02 2.229875488281250000e+02 3.850083618164062500e+02
9.371571350097656250e+01 5.104561767578125000e+02 5.909169006347656250e+01 1.588200988769531250e+02 9.046347045898437500e+01 3.610020263671875000e+03 1.607168884277343750e+02 1.579785766601562500e+02 1.525964477539062500e+03 3.955322265625000000e+02 2.944299316406250000e+02 2.795323791503906250e+02 5.158349609375000000e+02 1.155259704589843750e+02 2.317630157470703125e+02 3.840957031250000000e+02
1.030521240234375000e+02 5.471484375000000000e+02 6.857775115966796875e+01 1.788008422851562500e+02 9.625481414794921875e+01 3.703765380859375000e+03 1.690103912353515625e+02 1.719473724365234375e+02 1.465877319335937500e+03 3.843620605468750000e+02 3.206855773925781250e+02 2.956076354980468750e+02 4.829351196289062500e+02 1.163061599731445312e+02 2.324353027343750000e+02 4.153208618164062500e+02
1.097875289916992188e+02 5.477870483398437500e+02 6.951426696777343750e+01 1.761216125488281250e+02 9.631686401367187500e+01 3.753679199218750000e+03 1.700849609375000000e+02 1.725099792480468750e+02 1.480801635742187500e+03 3.889289855957031250e+02 3.180781555175781250e+02 2.959220275878906250e+02 4.862174987792968750e+02 1.159539871215820312e+02 2.322724151611328125e+02 4.177808837890625000e+02
1.112835922241210938e+02 5.430650634765625000e+02 6.721130371093750000e+01 1.721431274414062500e+02 9.621797180175781250e+01 3.704524169921875000e+03 1.688304748535156250e+02 1.709376983642578125e+02 1.510222412109375000e+03 3.976144714355468750e+02 3.169249572753906250e+02 2.953673706054687500e+02 4.950873107910156250e+02 1.148591156005859375e+02 2.270810241699218750e+02 4.119398193359375000e+02
1.065106735229492188e+02 5.388005371093750000e+02 6.736517333984375000e+01 1.689633789062500000e+02 9.709625244140625000e+01 3.665257080078125000e+03 1.675188751220703125e+02 1.683303070068359375e+02 1.548164550781250000e+03 3.957820129394531250e+02 3.148615417480468750e+02 2.918663940429687500e+02 5.000805664062500000e+02 1.186671295166015625e+02 2.252677154541015625e+02 4.024673461914062500e+02
1.066048889160156250e+02 5.361011962890625000e+02 7.141093444824218750e+01 1.674660644531250000e+02 9.735256958007812500e+01 3.650472656250000000e+03 1.661678161621093750e+02 1.679857635498046875e+02 1.562362060546875000e+03 3.854268188476562500e+02 3.114941711425781250e+02 2.941156616210937500e+02 5.055485839843750000e+02 1.261127319335937500e+02 2.336935119628906250e+02 3.955504455566406250e+02
1.099341125488281250e+02 5.483780517578125000e+02 7.386538696289062500e+01 1.701305541992187500e+02 9.816697692871093750e+01 3.662951660156250000e+03 1.647827148437500000e+02 1.711400146484375000e+02 1.559850463867187500e+03 3.731645507812500000e+02 3.171166687011718750e+02 2.969521484375000000e+02 5.056193237304687500e+02 1.320101776123046875e+02 2.451897277832031250e+02 3.987022094726562500e+02
1.077383651733398438e+02 5.453331298828125000e+02 7.337261199951171875e+01 1.689349975585937500e+02 9.932003021240234375e+01 3.655440917968750000e+03 1.665487213134765625e+02 1.682122802734375000e+02 1.555669433593750000e+03 3.659273071289062500e+02 3.183952636718750000e+02 2.953025817871093750e+02 5.029310913085937500e+02 1.330465545654296875e+02 2.546663665771484375e+02 4.012070922851562500e+02
1.110214767456054688e+02 5.488827514648437500e+02 7.273538208007812500e+01 1.706849822998046875e+02 1.005142974853515625e+02 3.671112060546875000e+03 1.690894165039062500e+02 1.665130920410156250e+02 1.555525268554687500e+03 3.699964294433593750e+02 3.211150512695312500e+02 2.977151489257812500e+02 5.029632568359375000e+02 1.383946228027343750e+02 2.600020446777343750e+02 4.086022644042968750e+02
1.122951202392578125e+02 5.549984741210937500e+02 7.150901031494140625e+01 1.789533691406250000e+02 1.010754318237304688e+02 3.670565429687500000e+03 1.699698486328125000e+02 1.652584533691406250e+02 1.628678222656250000e+03 3.676523132324218750e+02 3.287088012695312500e+02 2.983421020507812500e+02 5.064726867675781250e+02 1.387374420166015625e+02 2.639913024902343750e+02 4.178296508789062500e+02
1.106675109863281250e+02 5.491123657226562500e+02 7.038930511474609375e+01 1.787620849609375000e+02 1.011302719116210938e+02 3.658613525390625000e+03 1.678010864257812500e+02 1.623765106201171875e+02 1.662939575195312500e+03 3.617492675781250000e+02 3.260383911132812500e+02 2.949954223632812500e+02 5.084291381835937500e+02 1.349446868896484375e+02 2.606647033691406250e+02 4.224729309082031250e+02
1.140707473754882812e+02 5.473457031250000000e+02 7.235229492187500000e+01 1.785657043457031250e+02 1.024645309448242188e+02 3.663092041015625000e+03 1.678943481445312500e+02 1.618936920166015625e+02 1.671286254882812500e+03 3.562069396972656250e+02 3.247577209472656250e+02 2.967761840820312500e+02 5.087637939453125000e+02 1.412448730468750000e+02 2.648842163085937500e+02 4.199122924804687500e+02
1.171642074584960938e+02 5.553099975585937500e+02 7.343537902832031250e+01 1.812124786376953125e+02 1.061152496337890625e+02 3.689896240234375000e+03 1.720899505615234375e+02 1.598678894042968750e+02 1.703006103515625000e+03 3.594560241699218750e+02 3.306496582031250000e+02 2.991919250488281250e+02 5.114653625488281250e+02 1.463382720947265625e+02 2.588856811523437500e+02 4.311491394042968750e+02
1.127846145629882812e+02 5.589819335937500000e+02 7.091809844970703125e+01 1.794822692871093750e+02 1.075162658691406250e+02 3.685337890625000000e+03 1.706181030273437500e+02 1.572826232910156250e+02 1.726482299804687500e+03 3.600097351074218750e+02 3.252947387695312500e+02 2.985212707519531250e+02 5.090627441406250000e+02 1.410923919677734375e+02 2.629615783691406250e+02 4.334210510253906250e+02
1.075710296630859375e+02 5.473898315429687500e+02 6.506455993652343750e+01 1.788941802978515625e+02 1.071871643066406250e+02 3.691599121093750000e+03 1.674089660644531250e+02 1.568053894042968750e+02 1.700789306640625000e+03 3.595738830566406250e+02 3.191712646484375000e+02 2.893070068359375000e+02 5.065438842773437500e+02 1.377278289794921875e+02 2.625896301269531250e+02 4.264500732421875000e+02
1.029648132324218750e+02 5.371417846679687500e+02 6.062036895751953125e+01 1.762054443359375000e+02 1.068644104003906250e+02 3.688975097656250000e+03 1.654226684570312500e+02 1.552192230224609375e+02 1.709772460937500000e+03 3.604220275878906250e+02 3.145905761718750000e+02 2.828818054199218750e+02 5.091879272460937500e+02 1.388076477050781250e+02 2.521990203857421875e+02 4.223772277832031250e+02
9.979673004150390625e+01 5.485437011718750000e+02 6.444017791748046875e+01 1.840600891113281250e+02 1.110816650390625000e+02 3.708472900390625000e+03 1.645836791992187500e+02 1.573629608154296875e+02 1.683466308593750000e+03 3.702116394042968750e+02 3.164458007812500000e+02 2.928796386718750000e+02 5.174309082031250000e+02 1.353900146484375000e+02 2.543465270996093750e+02 4.250480651855468750e+02
1.007464599609375000e+02 5.504523925781250000e+02 6.855570220947265625e+01 1.833420410156250000e+02 1.147742919921875000e+02 3.710191894531250000e+03 1.646691589355468750e+02 1.584374694824218750e+02 1.630896850585937500e+03 3.967712402343750000e+02 3.215081176757812500e+02 3.012626647949218750e+02 5.181217041015625000e+02 1.317079162597656250e+02 2.567099609375000000e+02 4.305914306640625000e+02
9.922039794921875000e+01 5.604778442382812500e+02 6.852136230468750000e+01 1.789967346191406250e+02 1.160251312255859375e+02 3.685150390625000000e+03 1.632459564208984375e+02 1.580035552978515625e+02 1.584541748046875000e+03 4.031018676757812500e+02 3.239817504882812500e+02 3.039425354003906250e+02 5.158063964843750000e+02 1.269053039550781250e+02 2.587643432617187500e+02 4.351452331542968750e+02
