1.103903427124023438e+02 4.630281982421875000e+02 7.524684143066406250e+01 1.034556274414062500e+02 1.562031860351562500e+02 2.935171386718750000e+03 1.631597595214843750e+02 1.717890167236328125e+02 1.618633911132812500e+03 3.268894042968750000e+02 2.672603759765625000e+02 3.933764648437500000e+02 5.594027099609375000e+02 1.231301422119140625e+02 2.840079956054687500e+02 3.380199584960937500e+02
1.009689865112304688e+02 4.616949157714843750e+02 7.190496063232421875e+01 1.016818695068359375e+02 1.579375000000000000e+02 2.926771484375000000e+03 1.590441741943359375e+02 1.680361633300781250e+02 1.573172241210937500e+03 3.144460144042968750e+02 2.709927673339843750e+02 3.972055664062500000e+02 5.553840332031250000e+02 1.130660324096679688e+02 2.905521240234375000e+02 3.443806457519531250e+02
9.062528991699218750e+01 4.615763549804687500e+02 6.715706634521484375e+01 9.970501708984375000e+01 1.603021240234375000e+02 2.949404785156250000e+03 1.584567260742187500e+02 1.663429565429687500e+02 1.658408935546875000e+03 3.087341308593750000e+02 2.660122070312500000e+02 3.971707763671875000e+02 5.314912109375000000e+02 1.042478866577148438e+02 2.841978149414062500e+02 3.436593017578125000e+02
1.028100814819335938e+02 4.626627197265625000e+02 6.030662536621093750e+01 9.604893493652343750e+01 1.630416259765625000e+02 2.932676513671875000e+03 1.526171875000000000e+02 1.570508728027343750e+02 1.643828125000000000e+03 3.094835205078125000e+02 2.557404327392578125e+02 3.971806640625000000e+02 5.574094238281250000e+02 1.118295593261718750e+02 2.760566406250000000e+02 3.324929809570312500e+02
9.863260650634765625e+01 4.779694824218750000e+02 5.945230484008789062e+01 9.265892028808593750e+01 1.657179565429687500e+02 3.031912597656250000e+03 1.515085601806640625e+02 1.562278137207031250e+02 1.578667846679687500e+03 3.336331787109375000e+02 2.685906982421875000e+02 4.004950561523437500e+02 5.450288696289062500e+02 1.139727935791015625e+02 2.745113525390625000e+02 3.302785644531250000e+02
8.750190734863281250e+01 4.774096679687500000e+02 5.864257431030273438e+01 9.324291992187500000e+01 1.669669494628906250e+02 3.037580810546875000e+03 1.471354064941406250e+02 1.654540405273437500e+02 1.553082519531250000e+03 3.414681701660156250e+02 2.778157348632812500e+02 4.001409912109375000e+02 5.439476928710937500e+02 1.130471954345703125e+02 2.591198120117187500e+02 3.394498596191406250e+02
8.227731323242187500e+01 5.086190185546875000e+02 5.705569458007812500e+01 9.487783813476562500e+01 1.683374328613281250e+02 3.028007568359375000e+03 1.650327453613281250e+02 1.695666503906250000e+02 1.537826416015625000e+03 3.661734008789062500e+02 2.989648437500000000e+02 4.011774597167968750e+02 5.650930786132812500e+02 1.121246337890625000e+02 2.617609558105468750e+02 3.410258483886718750e+02
8.362543487548828125e+01 5.245307006835937500e+02 6.159355163574218750e+01 1.001420898437500000e+02 1.714928283691406250e+02 3.089738037109375000e+03 1.610525665283203125e+02 1.756463775634765625e+02 1.554233032226562500e+03 3.655533447265625000e+02 3.231093139648437500e+02 4.031364135742187500e+02 5.881648559570312500e+02 1.120312500000000000e+02 2.415311279296875000e+02 3.396650695800781250e+02
8.087547302246093750e+01 5.228761596679687500e+02 5.954618835449218750e+01 1.006917877197265625e+02 1.712932891845703125e+02 3.089129150390625000e+03 1.651817779541015625e+02 1.667980957031250000e+02 1.550101440429687500e+03 3.558919677734375000e+02 3.276096496582031250e+02 4.006807556152343750e+02 5.886324462890625000e+02 1.117391433715820312e+02 2.375547637939453125e+02 3.427970275878906250e+02
8.673550415039062500e+01 5.188551025390625000e+02 5.846208953857421875e+01 1.042220458984375000e+02 1.715343627929687500e+02 3.162771484375000000e+03 1.612393493652343750e+02 1.722416381835937500e+02 1.513996826171875000e+03 3.474631652832031250e+02 3.359634094238281250e+02 4.029512329101562500e+02 5.665705566406250000e+02 1.117143554687500000e+02 2.349226226806640625e+02 3.385497131347656250e+02
8.416612243652343750e+01 5.266914062500000000e+02 6.267311096191406250e+01 1.049973602294921875e+02 1.726645507812500000e+02 3.201030029296875000e+03 1.586365966796875000e+02 1.720433349609375000e+02 1.480485839843750000e+03 3.515704345703125000e+02 3.408572387695312500e+02 4.026734008789062500e+02 5.774998168945312500e+02 1.085538635253906250e+02 2.392803649902343750e+02 3.443713378906250000e+02
8.059951782226562500e+01 5.262629394531250000e+02 5.939612579345703125e+01 1.048844909667968750e+02 1.719041900634765625e+02 3.087322753906250000e+03 1.562278137207031250e+02 1.674651794433593750e+02 1.448239135742187500e+03 3.631521911621093750e+02 3.466814270019531250e+02 3.994497985839843750e+02 5.716301879882812500e+02 1.112531967163085938e+02 2.325968933105468750e+02 3.456963195800781250e+02
8.033250427246093750e+01 5.185812988281250000e+02 5.639224624633789062e+01 1.024976196289062500e+02 1.725431213378906250e+02 3.006576660156250000e+03 1.510474853515625000e+02 1.622692565917968750e+02 1.435577148437500000e+03 3.661205444335937500e+02 3.423890380859375000e+02 3.962174072265625000e+02 5.631351318359375000e+02 1.131455230712890625e+02 2.486902923583984375e+02 3.580600280761718750e+02
8.934808349609375000e+01 5.098503723144531250e+02 5.696657562255859375e+01 9.983885192871093750e+01 1.705278472900390625e+02 2.978595947265625000e+03 1.477758178710937500e+02 1.619698486328125000e+02 1.383646606445312500e+03 3.491974487304687500e+02 3.325125732421875000e+02 3.925474243164062500e+02 5.553276367187500000e+02 1.144776306152343750e+02 2.368845214843750000e+02 3.622036132812500000e+02
8.409845733642578125e+01 4.859472045898437500e+02 5.458926391601562500e+01 9.577154541015625000e+01 1.691270141601562500e+02 2.907313964843750000e+03 1.468831481933593750e+02 1.560616760253906250e+02 1.343739257812500000e+03 3.520258483886718750e+02 3.148005676269531250e+02 3.826115112304687500e+02 5.363625488281250000e+02 1.119504699707031250e+02 2.331694183349609375e+02 3.612769165039062500e+02
7.862197875976562500e+01 4.642353515625000000e+02 4.842815780639648438e+01 8.944219970703125000e+01 1.638886871337890625e+02 2.852016845703125000e+03 1.395374145507812500e+02 1.434158020019531250e+02 1.272619140625000000e+03 3.536313781738281250e+02 2.959478454589843750e+02 3.627453613281250000e+02 5.174349975585937500e+02 1.091538696289062500e+02 2.258556823730468750e+02 3.521869201660156250e+02
7.926543426513671875e+01 4.518055419921875000e+02 4.682045745849609375e+01 8.622044372558593750e+01 1.614445037841796875e+02 2.867847167968750000e+03 1.388320312500000000e+02 1.451360473632812500e+02 1.273443115234375000e+03 3.568793334960937500e+02 2.872868041992187500e+02 3.639991149902343750e+02 5.014819946289062500e+02 1.087126007080078125e+02 2.165151672363281250e+02 3.514137268066406250e+02
7.226688385009765625e+01 4.298781738281250000e+02 4.386132812500000000e+01 7.929077148437500000e+01 1.538668212890625000e+02 2.811185302734375000e+03 1.340175476074218750e+02 1.355859375000000000e+02 1.260474731445312500e+03 3.492032470703125000e+02 2.652654724121093750e+02 3.514883422851562500e+02 4.650337829589843750e+02 1.038714752197265625e+02 2.093824768066406250e+02 3.526630859375000000e+02
6.661541748046875000e+01 4.052145080566406250e+02 3.831654739379882812e+01 6.868588256835937500e+01 1.461783142089843750e+02 2.747899414062500000e+03 1.258126678466796875e+02 1.273369827270507812e+02 1.194869140625000000e+03 3.295823669433593750e+02 2.476361236572265625e+02 3.279683837890625000e+02 4.486899719238281250e+02 1.038935089111328125e+02 2.127793731689453125e+02 3.552425537109375000e+02
5.695514678955078125e+01 3.575628356933593750e+02 2.324892425537109375e+01 5.232070922851562500e+01 1.299482421875000000e+02 2.648477539062500000e+03 1.129901809692382812e+02 1.146695098876953125e+02 1.117143554687500000e+03 3.077607421875000000e+02 2.209084930419921875e+02 2.930195312500000000e+02 3.815289611816406250e+02 9.771701049804687500e+01 1.993290405273437500e+02 3.350451660156250000e+02
5.436015319824218750e+01 3.148913269042968750e+02 8.645576477050781250e+00 3.294152832031250000e+01 1.056565399169921875e+02 2.516591308593750000e+03 1.040084228515625000e+02 9.729125213623046875e+01 1.009758850097656250e+03 2.751721191406250000e+02 1.856797637939453125e+02 2.459165954589843750e+02 3.076379394531250000e+02 8.779338073730468750e+01 1.744858093261718750e+02 3.072768859863281250e+02
4.795702362060546875e+01 2.914591979980468750e+02 3.128654479980468750e+00 2.231483459472656250e+01 8.453584289550781250e+01 2.423765136718750000e+03 9.664586639404296875e+01 8.743201446533203125e+01 1.014933044433593750e+03 2.442844238281250000e+02 1.661218719482421875e+02 2.252802886962890625e+02 2.469067535400390625e+02 7.820600891113281250e+01 1.540966339111328125e+02 2.785420837402343750e+02
9.921508789062500000e+01 4.769900512695312500e+02 6.528605651855468750e+01 1.451428527832031250e+02 1.558003082275390625e+02 3.157593261718750000e+03 1.502730407714843750e+02 1.579727478027343750e+02 1.494065429687500000e+03 3.551099548339843750e+02 3.076161193847656250e+02 3.512448120117187500e+02 5.585616455078125000e+02 1.169855041503906250e+02 2.286971130371093750e+02 4.034666137695312500e+02
9.483795166015625000e+01 4.581647338867187500e+02 6.549278259277343750e+01 1.431802978515625000e+02 1.631058959960937500e+02 3.112581542968750000e+03 1.456406860351562500e+02 1.520665435791015625e+02 1.475021972656250000e+03 3.969661254882812500e+02 2.928360290527343750e+02 3.563427124023437500e+02 6.240053710937500000e+02 1.109850845336914062e+02 2.285869750976562500e+02 3.859125366210937500e+02
9.119073486328125000e+01 4.582543334960937500e+02 6.507932281494140625e+01 1.437255859375000000e+02 1.625070495605468750e+02 3.260293457031250000e+03 1.402160186767578125e+02 1.543408355712890625e+02 1.457540283203125000e+03 4.156381530761718750e+02 2.896912841796875000e+02 3.675774841308593750e+02 6.387772216796875000e+02 1.112522888183593750e+02 2.353343963623046875e+02 3.856332397460937500e+02
8.844909667968750000e+01 4.422236328125000000e+02 6.112354278564453125e+01 1.399817810058593750e+02 1.551454162597656250e+02 3.256103759765625000e+03 1.432887725830078125e+02 1.460946044921875000e+02 1.380450317382812500e+03 4.131191406250000000e+02 2.804008178710937500e+02 3.601766967773437500e+02 6.204228515625000000e+02 1.089338531494140625e+02 2.269118041992187500e+02 3.729465332031250000e+02
8.103279113769531250e+01 4.402608642578125000e+02 5.993789672851562500e+01 1.377896728515625000e+02 1.513996887207031250e+02 3.369132080078125000e+03 1.440723724365234375e+02 1.413323822021484375e+02 1.352787719726562500e+03 3.803263854980468750e+02 2.693243408203125000e+02 3.501207275390625000e+02 5.903955078125000000e+02 1.050320434570312500e+02 2.203774108886718750e+02 3.701741943359375000e+02
8.293965911865234375e+01 4.657996826171875000e+02 6.057043075561523438e+01 1.440756225585937500e+02 1.506765289306640625e+02 3.503473144531250000e+03 1.411723327636718750e+02 1.383217620849609375e+02 1.365358642578125000e+03 3.913266906738281250e+02 2.849499816894531250e+02 3.548011474609375000e+02 5.841442260742187500e+02 1.030563201904296875e+02 2.251313323974609375e+02 3.831456298828125000e+02
7.938097381591796875e+01 4.854266357421875000e+02 6.531374359130859375e+01 1.469913940429687500e+02 1.495236511230468750e+02 3.630536621093750000e+03 1.406224670410156250e+02 1.462087249755859375e+02 1.421119140625000000e+03 4.125508117675781250e+02 2.880428466796875000e+02 3.574062194824218750e+02 5.878234863281250000e+02 1.081604766845703125e+02 2.234949798583984375e+02 3.976850585937500000e+02
8.398473358154296875e+01 4.961438293457031250e+02 6.507462310791015625e+01 1.434269561767578125e+02 1.482791137695312500e+02 3.735662353515625000e+03 1.452324523925781250e+02 1.460160369873046875e+02 1.439111450195312500e+03 3.890380249023437500e+02 2.884662475585937500e+02 3.505963439941406250e+02 5.732803344726562500e+02 1.129029998779296875e+02 2.127900085449218750e+02 4.051233520507812500e+02
8.282492065429687500e+01 5.178381958007812500e+02 6.766007232666015625e+01 1.521333007812500000e+02 1.505420074462890625e+02 3.708728027343750000e+03 1.445720214843750000e+02 1.610554962158203125e+02 1.446683227539062500e+03 3.877449951171875000e+02 2.972632141113281250e+02 3.547006835937500000e+02 5.786218261718750000e+02 1.088463287353515625e+02 1.988914184570312500e+02 4.041492919921875000e+02
8.063191223144531250e+01 4.997145385742187500e+02 7.147331237792968750e+01 1.519235229492187500e+02 1.505759124755859375e+02 3.528190429687500000e+03 1.363156585693359375e+02 1.590416717529296875e+02 1.374899047851562500e+03 3.780169677734375000e+02 2.896069946289062500e+02 3.539163208007812500e+02 5.862579345703125000e+02 1.079170227050781250e+02 2.047310943603515625e+02 3.994403076171875000e+02
7.637312316894531250e+01 4.766248779296875000e+02 7.211460876464843750e+01 1.532993316650390625e+02 1.472178802490234375e+02 3.499141845703125000e+03 1.270226974487304688e+02 1.456500244140625000e+02 1.369191772460937500e+03 3.787513732910156250e+02 2.744520874023437500e+02 3.521989746093750000e+02 5.914049072265625000e+02 1.069884033203125000e+02 2.104803314208984375e+02 3.910759277343750000e+02
8.116486358642578125e+01 4.462376708984375000e+02 6.914052581787109375e+01 1.363732147216796875e+02 1.401896667480468750e+02 3.344707275390625000e+03 1.242667617797851562e+02 1.353450775146484375e+02 1.272826049804687500e+03 3.421383056640625000e+02 2.523596191406250000e+02 3.474727172851562500e+02 5.783650512695312500e+02 1.008950805664062500e+02 2.156326446533203125e+02 3.809667358398437500e+02
7.693361663818359375e+01 4.532768554687500000e+02 6.772349548339843750e+01 1.263955459594726562e+02 1.368812866210937500e+02 3.380453613281250000e+03 1.334666595458984375e+02 1.353226623535156250e+02 1.325449707031250000e+03 3.236876220703125000e+02 2.502617340087890625e+02 3.361008300781250000e+02 5.693898315429687500e+02 9.644201660156250000e+01 2.275752410888671875e+02 3.665169067382812500e+02
8.793749237060546875e+01 4.941518554687500000e+02 7.152307128906250000e+01 1.393628845214843750e+02 1.416606140136718750e+02 3.423575683593750000e+03 1.471883239746093750e+02 1.479858551025390625e+02 1.336233398437500000e+03 3.370447082519531250e+02 2.691938476562500000e+02 3.587471313476562500e+02 5.723174438476562500e+02 9.771926879882812500e+01 2.360771942138671875e+02 4.041232604980468750e+02
1.016425476074218750e+02 4.979952087402343750e+02 7.270890808105468750e+01 1.341685638427734375e+02 1.425160522460937500e+02 3.395316650390625000e+03 1.481054992675781250e+02 1.499502563476562500e+02 1.373624023437500000e+03 3.499898681640625000e+02 2.626480102539062500e+02 3.618247375488281250e+02 5.787733154296875000e+02 9.774008178710937500e+01 2.332440032958984375e+02 4.109500427246093750e+02
1.030587921142578125e+02 4.920747070312500000e+02 6.801312255859375000e+01 1.277788162231445312e+02 1.421383514404296875e+02 3.268185546875000000e+03 1.451969604492187500e+02 1.476722412109375000e+02 1.455701904296875000e+03 3.688705749511718750e+02 2.635040893554687500e+02 3.600911254882812500e+02 5.975234985351562500e+02 9.613880920410156250e+01 2.230648040771484375e+02 4.005730285644531250e+02
9.158454132080078125e+01 4.885554199218750000e+02 6.970838165283203125e+01 1.239826354980468750e+02 1.436567382812500000e+02 3.299381103515625000e+03 1.435547485351562500e+02 1.430111999511718750e+02 1.551052490234375000e+03 3.654483032226562500e+02 2.618812255859375000e+02 3.524178771972656250e+02 6.043953247070312500e+02 1.060747528076171875e+02 2.222763214111328125e+02 3.824261779785156250e+02
9.480196380615234375e+01 4.881904907226562500e+02 7.970361328125000000e+01 1.240512084960937500e+02 1.437980346679687500e+02 3.336523925781250000e+03 1.422262268066406250e+02 1.448949279785156250e+02 1.543153442382812500e+03 3.470881347656250000e+02 2.568132019042968750e+02 3.575273132324218750e+02 6.124175415039062500e+02 1.232788696289062500e+02 2.446063385009765625e+02 3.728669433593750000e+02
1.035664825439453125e+02 5.188057250976562500e+02 8.368199157714843750e+01 1.332016601562500000e+02 1.450137481689453125e+02 3.450029541015625000e+03 1.408653411865234375e+02 1.540526123046875000e+02 1.516269531250000000e+03 3.275571899414062500e+02 2.735858154296875000e+02 3.635245971679687500e+02 6.087037353515625000e+02 1.341765594482421875e+02 2.702809753417968750e+02 3.851430053710937500e+02
9.833887481689453125e+01 5.082899169921875000e+02 8.054859924316406250e+01 1.303962554931640625e+02 1.467629394531250000e+02 3.435335205078125000e+03 1.469214630126953125e+02 1.464419860839843750e+02 1.536229248046875000e+03 3.201212158203125000e+02 2.764552001953125000e+02 3.593122558593750000e+02 5.987052001953125000e+02 1.326652069091796875e+02 2.866438903808593750e+02 3.912384643554687500e+02
1.062404785156250000e+02 5.167733764648437500e+02 7.831873321533203125e+01 1.356019592285156250e+02 1.484327545166015625e+02 3.573162841796875000e+03 1.527351226806640625e+02 1.437437744140625000e+02 1.534386474609375000e+03 3.346275329589843750e+02 2.828814697265625000e+02 3.635222778320312500e+02 5.948825073242187500e+02 1.434794464111328125e+02 2.901777038574218750e+02 4.060955505371093750e+02
1.079135894775390625e+02 5.280205078125000000e+02 7.548573303222656250e+01 1.531617584228515625e+02 1.490012817382812500e+02 3.521862792968750000e+03 1.541349487304687500e+02 1.419603729248046875e+02 1.731612792968750000e+03 3.302823486328125000e+02 2.986467285156250000e+02 3.634433593750000000e+02 6.000700683593750000e+02 1.408101959228515625e+02 2.913727416992187500e+02 4.221544799804687500e+02
1.036229248046875000e+02 5.107586059570312500e+02 7.323028564453125000e+01 1.493172149658203125e+02 1.482214965820312500e+02 3.464989746093750000e+03 1.492118225097656250e+02 1.363020629882812500e+02 1.773601806640625000e+03 3.198599243164062500e+02 2.889729003906250000e+02 3.528630981445312500e+02 6.004741821289062500e+02 1.311758728027343750e+02 2.777461547851562500e+02 4.253477172851562500e+02
1.108232269287109375e+02 5.082239074707031250e+02 7.761690521240234375e+01 1.483466796875000000e+02 1.499581604003906250e+02 3.357388427734375000e+03 1.508320922851562500e+02 1.368920593261718750e+02 1.755135986328125000e+03 3.099866333007812500e+02 2.865089721679687500e+02 3.544511413574218750e+02 5.954224243164062500e+02 1.464734344482421875e+02 2.863581848144531250e+02 4.143409423828125000e+02
1.155046157836914062e+02 5.251898193359375000e+02 7.841432952880859375e+01 1.538079833984375000e+02 1.558723144531250000e+02 3.540124023437500000e+03 1.596581268310546875e+02 1.326822509765625000e+02 1.811613769531250000e+03 3.173046264648437500e+02 2.995306701660156250e+02 3.579103393554687500e+02 5.959004516601562500e+02 1.550860748291015625e+02 2.688595886230468750e+02 4.369669799804687500e+02
1.040528488159179688e+02 5.282453002929687500e+02 7.112927246093750000e+01 1.487921142578125000e+02 1.574845886230468750e+02 3.361513916015625000e+03 1.546794281005859375e+02 1.268937683105468750e+02 1.833018554687500000e+03 3.188524780273437500e+02 2.851190185546875000e+02 3.540935974121093750e+02 5.830861816406250000e+02 1.396637878417968750e+02 2.794326171875000000e+02 4.336475219726562500e+02
9.408111572265625000e+01 4.991035156250000000e+02 5.938493347167968750e+01 1.476593017578125000e+02 1.554625549316406250e+02 3.621001464843750000e+03 1.468093719482421875e+02 1.261379699707031250e+02 1.694329589843750000e+03 3.175109252929687500e+02 2.715737304687500000e+02 3.270733642578125000e+02 5.706676025390625000e+02 1.336704406738281250e+02 2.755661621093750000e+02 4.147289428710937500e+02
8.574402618408203125e+01 4.780779418945312500e+02 5.304994964599609375e+01 1.411908264160156250e+02 1.527790832519531250e+02 3.662989746093750000e+03 1.425488586425781250e+02 1.210235214233398438e+02 1.708269042968750000e+03 3.171913452148437500e+02 2.618232727050781250e+02 3.101257629394531250e+02 5.709542236328125000e+02 1.372341461181640625e+02 2.510755462646484375e+02 4.076389465332031250e+02
7.978828430175781250e+01 5.049823608398437500e+02 6.258065414428710938e+01 1.572782287597656250e+02 1.587184906005859375e+02 3.784678466796875000e+03 1.404559020996093750e+02 1.254564819335937500e+02 1.631181152343750000e+03 3.317713623046875000e+02 2.668793945312500000e+02 3.334696960449218750e+02 5.827987060546875000e+02 1.298708496093750000e+02 2.564059143066406250e+02 4.134136962890625000e+02
8.302877807617187500e+01 5.027312622070312500e+02 6.891185760498046875e+01 1.506488952636718750e+02 1.638821105957031250e+02 3.747656005859375000e+03 1.396781768798828125e+02 1.248842620849609375e+02 1.532634887695312500e+03 3.870321044921875000e+02 2.755023193359375000e+02 3.526655883789062500e+02 5.742446289062500000e+02 1.234442443847656250e+02 2.594909057617187500e+02 4.211398315429687500e+02
7.924690246582031250e+01 5.201881103515625000e+02 6.523627471923828125e+01 1.368843383789062500e+02 1.644817504882812500e+02 3.770012451171875000e+03 1.350043029785156250e+02 1.210728836059570312e+02 1.467051635742187500e+03 3.808256225585937500e+02 2.771948242187500000e+02 3.566703186035156250e+02 5.609615478515625000e+02 1.140348510742187500e+02 2.627260742187500000e+02 4.255172119140625000e+02
8.554631042480468750e+01 5.254550781250000000e+02 6.700367736816406250e+01 1.302570190429687500e+02 1.675917816162109375e+02 3.842905517578125000e+03 1.337710723876953125e+02 1.198395996093750000e+02 1.449123413085937500e+03 3.797788391113281250e+02 2.936734924316406250e+02 3.646108398437500000e+02 5.718305664062500000e+02 1.057287139892578125e+02 2.694549560546875000e+02 4.324440917968750000e+02
8.774855804443359375e+01 5.304505615234375000e+02 6.550694274902343750e+01 1.396880340576171875e+02 1.703899078369140625e+02 4.028952392578125000e+03 1.335205841064453125e+02 1.195406570434570312e+02 1.424727294921875000e+03 3.614409179687500000e+02 2.899875183105468750e+02 3.647484436035156250e+02 5.782872314453125000e+02 1.013583984375000000e+02 2.591688232421875000e+02 4.382238769531250000e+02
9.425493621826171875e+01 5.245855712890625000e+02 6.728149414062500000e+01 1.339656219482421875e+02 1.733309326171875000e+02 4.117907714843750000e+03 1.380955200195312500e+02 1.214668884277343750e+02 1.383834472656250000e+03 3.500596313476562500e+02 2.826067810058593750e+02 3.676248168945312500e+02 5.830818481445312500e+02 1.027386016845703125e+02 2.412032318115234375e+02 4.522938537597656250e+02
8.917523193359375000e+01 5.062534790039062500e+02 6.153047943115234375e+01 1.272488174438476562e+02 1.740337219238281250e+02 4.060434814453125000e+03 1.494973907470703125e+02 1.183912200927734375e+02 1.315219726562500000e+03 3.600857543945312500e+02 2.687420043945312500e+02 3.723377380371093750e+02 5.666817016601562500e+02 1.076383819580078125e+02 2.281291503906250000e+02 4.223284912109375000e+02
9.975379943847656250e+01 4.728620605468750000e+02 5.643342971801757812e+01 1.204249572753906250e+02 1.733110046386718750e+02 3.967495849609375000e+03 1.416059265136718750e+02 1.162096633911132812e+02 1.257541259765625000e+03 3.381669006347656250e+02 2.551840515136718750e+02 3.471073608398437500e+02 5.805526123046875000e+02 1.043242721557617188e+02 2.134848632812500000e+02 4.020425720214843750e+02
9.714442443847656250e+01 4.727659912109375000e+02 5.259164428710937500e+01 1.208283233642578125e+02 1.728346099853515625e+02 4.048686279296875000e+03 1.379862670898437500e+02 1.156320190429687500e+02 1.322461669921875000e+03 3.423221435546875000e+02 2.522844848632812500e+02 3.469605407714843750e+02 5.955042114257812500e+02 9.998078918457031250e+01 2.108420715332031250e+02 4.215213012695312500e+02
1.056718063354492188e+02 4.551178588867187500e+02 5.148209381103515625e+01 1.201642456054687500e+02 1.712088012695312500e+02 4.047205078125000000e+03 1.380404968261718750e+02 1.158404769897460938e+02 1.289949951171875000e+03 3.254392700195312500e+02 2.512027435302734375e+02 3.393253784179687500e+02 5.958836669921875000e+02 1.077870559692382812e+02 2.013023986816406250e+02 4.163546752929687500e+02
1.138303527832031250e+02 4.578870849609375000e+02 5.695347976684570312e+01 1.213335113525390625e+02 1.728531799316406250e+02 4.368492675781250000e+03 1.399006958007812500e+02 1.176280212402343750e+02 1.236303466796875000e+03 3.279064331054687500e+02 2.588794555664062500e+02 3.318101806640625000e+02 5.933788452148437500e+02 1.112400665283203125e+02 1.982828369140625000e+02 4.297420654296875000e+02
1.040580062866210938e+02 4.692301635742187500e+02 6.038532638549804688e+01 1.312591400146484375e+02 1.745048065185546875e+02 4.384819335937500000e+03 1.380549621582031250e+02 1.187985076904296875e+02 1.315520385742187500e+03 3.403982543945312500e+02 2.792875366210937500e+02 3.418094482421875000e+02 5.877910156250000000e+02 1.125472564697265625e+02 2.030877990722656250e+02 4.400323181152343750e+02
1.153039550781250000e+02 4.776550903320312500e+02 6.618629455566406250e+01 1.322581176757812500e+02 1.762849121093750000e+02 4.581945312500000000e+03 1.354904327392578125e+02 1.261519622802734375e+02 1.283643066406250000e+03 3.630517883300781250e+02 2.810771484375000000e+02 3.535094299316406250e+02 5.927473144531250000e+02 1.132911224365234375e+02 2.019208984375000000e+02 4.403692932128906250e+02
