1.007304382324218750e+02 4.820213623046875000e+02 6.019059753417968750e+01 1.367266693115234375e+02 1.118473815917968750e+02 3.573330810546875000e+03 1.614843139648437500e+02 1.612455749511718750e+02 1.546093139648437500e+03 3.471815185546875000e+02 2.872817077636718750e+02 3.250988464355468750e+02 5.358903198242187500e+02 1.201202621459960938e+02 2.556956329345703125e+02 3.508854370117187500e+02
9.853108978271484375e+01 4.832822265625000000e+02 5.737958526611328125e+01 1.375810546875000000e+02 1.123340759277343750e+02 3.575351562500000000e+03 1.602035827636718750e+02 1.604893493652343750e+02 1.523671508789062500e+03 3.445085449218750000e+02 2.895676269531250000e+02 3.264739379882812500e+02 5.288880004882812500e+02 1.163986587524414062e+02 2.617181091308593750e+02 3.535822143554687500e+02
9.543067932128906250e+01 4.847495727539062500e+02 5.374946594238281250e+01 1.381068725585937500e+02 1.129269409179687500e+02 3.549535644531250000e+03 1.598971405029296875e+02 1.600232849121093750e+02 1.563121826171875000e+03 3.434334411621093750e+02 2.895723876953125000e+02 3.257971496582031250e+02 5.104883422851562500e+02 1.133120574951171875e+02 2.612463684082031250e+02 3.542667236328125000e+02
1.000371475219726562e+02 4.855472412109375000e+02 4.930734252929687500e+01 1.377709350585937500e+02 1.135536651611328125e+02 3.510655761718750000e+03 1.584913024902343750e+02 1.576557617187500000e+02 1.561506713867187500e+03 3.433948669433593750e+02 2.876464538574218750e+02 3.247253417968750000e+02 5.137113647460937500e+02 1.148574829101562500e+02 2.580441284179687500e+02 3.521224060058593750e+02
9.827476501464843750e+01 4.898486328125000000e+02 4.711653137207031250e+01 1.370089263916015625e+02 1.142096099853515625e+02 3.495003662109375000e+03 1.577129058837890625e+02 1.570927734375000000e+02 1.529738281250000000e+03 3.514953308105468750e+02 2.910130615234375000e+02 3.251315917968750000e+02 5.038220214843750000e+02 1.147504119873046875e+02 2.569292907714843750e+02 3.514779357910156250e+02
9.440878295898437500e+01 4.890278930664062500e+02 4.472495651245117188e+01 1.365413970947265625e+02 1.141776580810546875e+02 3.416880859375000000e+03 1.562977752685546875e+02 1.592264709472656250e+02 1.507279052734375000e+03 3.537874450683593750e+02 2.927604370117187500e+02 3.238636169433593750e+02 4.952465820312500000e+02 1.140476608276367188e+02 2.468015289306640625e+02 3.531051025390625000e+02
9.110589599609375000e+01 4.952144775390625000e+02 4.211743164062500000e+01 1.339287109375000000e+02 1.142554092407226562e+02 3.290178955078125000e+03 1.621550750732421875e+02 1.592536315917968750e+02 1.472192382812500000e+03 3.598073730468750000e+02 2.964893798828125000e+02 3.233227844238281250e+02 4.980209350585937500e+02 1.120684509277343750e+02 2.464219970703125000e+02 3.515487670898437500e+02
8.638039398193359375e+01 4.825168457031250000e+02 4.022948837280273438e+01 1.233575592041015625e+02 1.152221069335937500e+02 3.161249755859375000e+03 1.559922637939453125e+02 1.551054840087890625e+02 1.420207275390625000e+03 3.456482849121093750e+02 2.922009277343750000e+02 3.231229248046875000e+02 4.999944152832031250e+02 1.078365631103515625e+02 2.303031616210937500e+02 3.416170654296875000e+02
7.948316192626953125e+01 4.579261779785156250e+02 3.309374237060546875e+01 1.095635986328125000e+02 1.137927169799804688e+02 3.071591064453125000e+03 1.496931152343750000e+02 1.440831909179687500e+02 1.363262939453125000e+03 3.283407592773437500e+02 2.762102050781250000e+02 3.193734741210937500e+02 4.853401794433593750e+02 1.028669509887695312e+02 2.166266326904296875e+02 3.292030029296875000e+02
7.466730499267578125e+01 4.330552978515625000e+02 2.603491592407226562e+01 9.590811157226562500e+01 1.120696334838867188e+02 3.035080078125000000e+03 1.412600402832031250e+02 1.365642089843750000e+02 1.287532714843750000e+03 3.107974548339843750e+02 2.611148071289062500e+02 3.163707885742187500e+02 4.574147033691406250e+02 9.788224029541015625e+01 2.015029602050781250e+02 3.150913085937500000e+02
6.858480834960937500e+01 4.130679626464843750e+02 2.194087219238281250e+01 8.403544616699218750e+01 1.116832885742187500e+02 3.049931152343750000e+03 1.339078369140625000e+02 1.282686157226562500e+02 1.220082031250000000e+03 2.998973999023437500e+02 2.465257873535156250e+02 3.132151489257812500e+02 4.382191162109375000e+02 9.300817871093750000e+01 1.922588653564453125e+02 3.045545654296875000e+02
6.465052032470703125e+01 4.007715759277343750e+02 1.749641799926757812e+01 7.758895874023437500e+01 1.111448516845703125e+02 3.032140625000000000e+03 1.295144958496093750e+02 1.225888748168945312e+02 1.183475463867187500e+03 2.971357421875000000e+02 2.397485351562500000e+02 3.117150573730468750e+02 4.207500305175781250e+02 9.151399993896484375e+01 1.825094299316406250e+02 2.983201904296875000e+02
6.406981658935546875e+01 3.984290771484375000e+02 1.614259719848632812e+01 7.701718139648437500e+01 1.122309112548828125e+02 3.049282226562500000e+03 1.278445816040039062e+02 1.209764480590820312e+02 1.179549072265625000e+03 2.982720947265625000e+02 2.385211486816406250e+02 3.119423217773437500e+02 4.219061889648437500e+02 9.211966705322265625e+01 1.895878601074218750e+02 3.019689941406250000e+02
7.020843505859375000e+01 4.113703613281250000e+02 2.152990341186523438e+01 8.223468017578125000e+01 1.129593811035156250e+02 3.033645996093750000e+03 1.305444335937500000e+02 1.264709014892578125e+02 1.183983642578125000e+03 3.015326538085937500e+02 2.477503814697265625e+02 3.134747924804687500e+02 4.362796630859375000e+02 9.555801391601562500e+01 1.914230499267578125e+02 3.111346130371093750e+02
7.449014282226562500e+01 4.294447021484375000e+02 2.831383132934570312e+01 9.287702941894531250e+01 1.143485794067382812e+02 3.025614746093750000e+03 1.370049743652343750e+02 1.341449279785156250e+02 1.219773681640625000e+03 3.172069091796875000e+02 2.608572387695312500e+02 3.132029418945312500e+02 4.450332031250000000e+02 9.995707702636718750e+01 1.981210021972656250e+02 3.261042785644531250e+02
7.954764556884765625e+01 4.492048339843750000e+02 3.330128097534179688e+01 1.074495239257812500e+02 1.152356567382812500e+02 3.079539550781250000e+03 1.423971405029296875e+02 1.400457153320312500e+02 1.235786010742187500e+03 3.366384887695312500e+02 2.740896606445312500e+02 3.119526977539062500e+02 4.543665466308593750e+02 1.047303161621093750e+02 2.035014038085937500e+02 3.400449218750000000e+02
8.569163513183593750e+01 4.677689819335937500e+02 3.895785522460937500e+01 1.206066741943359375e+02 1.171766433715820312e+02 3.213000488281250000e+03 1.487086639404296875e+02 1.492883911132812500e+02 1.288726196289062500e+03 3.573542480468750000e+02 2.876810913085937500e+02 3.174153137207031250e+02 4.641835327148437500e+02 1.098741912841796875e+02 2.063601074218750000e+02 3.546744384765625000e+02
8.771058654785156250e+01 4.786832885742187500e+02 4.347751617431640625e+01 1.292790679931640625e+02 1.176784210205078125e+02 3.293998046875000000e+03 1.524391937255859375e+02 1.530200653076171875e+02 1.333652587890625000e+03 3.706055297851562500e+02 2.934304199218750000e+02 3.192669982910156250e+02 4.668170776367187500e+02 1.123065109252929688e+02 2.083543548583984375e+02 3.693997192382812500e+02
8.925439453125000000e+01 4.860066528320312500e+02 4.701918029785156250e+01 1.349865112304687500e+02 1.193290634155273438e+02 3.423542480468750000e+03 1.539163513183593750e+02 1.562404937744140625e+02 1.349926391601562500e+03 3.750789794921875000e+02 2.991652832031250000e+02 3.205204162597656250e+02 4.802883911132812500e+02 1.170061340332031250e+02 2.186878814697265625e+02 3.876054992675781250e+02
9.023198699951171875e+01 4.875050659179687500e+02 4.810988616943359375e+01 1.407860107421875000e+02 1.207435531616210938e+02 3.534191406250000000e+03 1.541494750976562500e+02 1.599504241943359375e+02 1.366900390625000000e+03 3.827509765625000000e+02 3.060991516113281250e+02 3.225476684570312500e+02 4.878876953125000000e+02 1.214329376220703125e+02 2.279392852783203125e+02 4.020822448730468750e+02
9.620613098144531250e+01 4.874783630371093750e+02 4.758947372436523438e+01 1.448091125488281250e+02 1.205489273071289062e+02 3.586009277343750000e+03 1.558076782226562500e+02 1.600927734375000000e+02 1.358477416992187500e+03 3.815856018066406250e+02 3.061972351074218750e+02 3.195379943847656250e+02 4.855236206054687500e+02 1.224274902343750000e+02 2.263528442382812500e+02 4.083663635253906250e+02
9.834458160400390625e+01 4.912022094726562500e+02 5.124500274658203125e+01 1.501407165527343750e+02 1.205608596801757812e+02 3.632278808593750000e+03 1.567383728027343750e+02 1.610044708251953125e+02 1.422999511718750000e+03 3.726137084960937500e+02 3.084308471679687500e+02 3.206177062988281250e+02 4.713909912109375000e+02 1.207316436767578125e+02 2.204400634765625000e+02 4.035659179687500000e+02
9.489419555664062500e+01 4.470842895507812500e+02 5.311769866943359375e+01 1.412699279785156250e+02 1.193827438354492188e+02 3.356694091796875000e+03 1.463954162597656250e+02 1.458686370849609375e+02 1.497387207031250000e+03 3.665794677734375000e+02 2.828563232421875000e+02 3.026139221191406250e+02 4.962466430664062500e+02 1.084044952392578125e+02 2.202085723876953125e+02 3.779620056152343750e+02
8.124121093750000000e+01 3.972692871093750000e+02 4.040267181396484375e+01 1.112533874511718750e+02 1.104597015380859375e+02 3.099079589843750000e+03 1.317274475097656250e+02 1.267791671752929688e+02 1.451231201171875000e+03 3.742192382812500000e+02 2.439659729003906250e+02 2.690794067382812500e+02 4.933387451171875000e+02 9.639149475097656250e+01 2.056416625976562500e+02 3.396668395996093750e+02
7.450956726074218750e+01 3.798898925781250000e+02 3.428543472290039062e+01 9.945176696777343750e+01 1.090338439941406250e+02 3.015993164062500000e+03 1.246651763916015625e+02 1.207282409667968750e+02 1.438312133789062500e+03 3.923999633789062500e+02 2.288535156250000000e+02 2.687799682617187500e+02 5.079576110839843750e+02 9.224298095703125000e+01 2.042448883056640625e+02 3.247043457031250000e+02
7.125292968750000000e+01 3.703266601562500000e+02 2.979780578613281250e+01 9.391227722167968750e+01 1.074347915649414062e+02 2.904818603515625000e+03 1.239120788574218750e+02 1.161043243408203125e+02 1.398224487304687500e+03 3.986588745117187500e+02 2.212765350341796875e+02 2.689144287109375000e+02 5.158116455078125000e+02 9.018606567382812500e+01 2.006255187988281250e+02 3.143499145507812500e+02
6.806559753417968750e+01 3.701632385253906250e+02 2.803150177001953125e+01 9.220289611816406250e+01 1.073509216308593750e+02 2.868082275390625000e+03 1.246061553955078125e+02 1.143495941162109375e+02 1.378585815429687500e+03 3.858679504394531250e+02 2.171203002929687500e+02 2.711852416992187500e+02 5.147506103515625000e+02 8.928544616699218750e+01 1.983235015869140625e+02 3.111943359375000000e+02
6.936747741699218750e+01 3.869996948242187500e+02 2.808681106567382812e+01 9.686604309082031250e+01 1.079181823730468750e+02 2.855982666015625000e+03 1.264215316772460938e+02 1.151812133789062500e+02 1.380827392578125000e+03 3.937534179687500000e+02 2.259822845458984375e+02 2.806120605468750000e+02 5.226118774414062500e+02 9.047479248046875000e+01 2.029532318115234375e+02 3.188065185546875000e+02
6.986580657958984375e+01 4.049108886718750000e+02 3.177981948852539062e+01 1.028871612548828125e+02 1.086022033691406250e+02 2.879394531250000000e+03 1.284738922119140625e+02 1.210580368041992188e+02 1.409681030273437500e+03 4.089022521972656250e+02 2.333950805664062500e+02 2.900775451660156250e+02 5.295711669921875000e+02 9.393539428710937500e+01 2.029883117675781250e+02 3.310780944824218750e+02
7.157513427734375000e+01 4.110830993652343750e+02 3.193755340576171875e+01 1.023756561279296875e+02 1.082439880371093750e+02 2.904574218750000000e+03 1.301671752929687500e+02 1.217704467773437500e+02 1.411000000000000000e+03 3.921867675781250000e+02 2.349599761962890625e+02 2.912108154296875000e+02 5.222808227539062500e+02 9.601038360595703125e+01 1.954502716064453125e+02 3.363524475097656250e+02
7.140782165527343750e+01 4.222017822265625000e+02 3.338314056396484375e+01 1.060022430419921875e+02 1.087674560546875000e+02 2.942942382812500000e+03 1.303281250000000000e+02 1.291029357910156250e+02 1.404655517578125000e+03 3.825206909179687500e+02 2.393227233886718750e+02 2.954021301269531250e+02 5.240900878906250000e+02 9.495322418212890625e+01 1.872288208007812500e+02 3.366907958984375000e+02
7.126112365722656250e+01 4.202550659179687500e+02 3.654280471801757812e+01 1.077968902587890625e+02 1.084324035644531250e+02 2.937914550781250000e+03 1.291171875000000000e+02 1.303348388671875000e+02 1.361603393554687500e+03 3.728493347167968750e+02 2.396414489746093750e+02 2.973460998535156250e+02 5.273952026367187500e+02 9.517119598388671875e+01 1.868451843261718750e+02 3.361483764648437500e+02
7.140655517578125000e+01 4.198286132812500000e+02 3.894490051269531250e+01 1.131230468750000000e+02 1.068146820068359375e+02 2.984886718750000000e+03 1.284384460449218750e+02 1.287915649414062500e+02 1.357654541015625000e+03 3.729677734375000000e+02 2.401819763183593750e+02 2.987390747070312500e+02 5.307429199218750000e+02 9.654043579101562500e+01 1.899078979492187500e+02 3.370834960937500000e+02
7.638647460937500000e+01 4.187550354003906250e+02 4.105088043212890625e+01 1.145210266113281250e+02 1.047353363037109375e+02 2.995177734375000000e+03 1.297998352050781250e+02 1.285653991699218750e+02 1.332135253906250000e+03 3.618766479492187500e+02 2.402137298583984375e+02 3.006227416992187500e+02 5.308623046875000000e+02 9.630961608886718750e+01 1.967675018310546875e+02 3.406710815429687500e+02
7.669560241699218750e+01 4.277460937500000000e+02 4.496478271484375000e+01 1.152280120849609375e+02 1.047817382812500000e+02 3.094750732421875000e+03 1.352417297363281250e+02 1.306094970703125000e+02 1.372475830078125000e+03 3.545181884765625000e+02 2.439263610839843750e+02 3.005282592773437500e+02 5.345614624023437500e+02 9.593988800048828125e+01 2.086049499511718750e+02 3.394427490234375000e+02
8.277742004394531250e+01 4.613296813964843750e+02 5.286505126953125000e+01 1.256668624877929688e+02 1.049962921142578125e+02 3.463477539062500000e+03 1.458016204833984375e+02 1.414171142578125000e+02 1.292685058593750000e+03 3.373414001464843750e+02 2.624011230468750000e+02 3.101127929687500000e+02 5.244005737304687500e+02 1.003789672851562500e+02 2.125686035156250000e+02 3.646007995605468750e+02
9.000199890136718750e+01 4.621517944335937500e+02 5.474161911010742188e+01 1.237818298339843750e+02 1.051830444335937500e+02 3.517885253906250000e+03 1.465433959960937500e+02 1.419700622558593750e+02 1.305331298828125000e+03 3.371167907714843750e+02 2.608895568847656250e+02 3.104581909179687500e+02 5.272061767578125000e+02 1.003555374145507812e+02 2.117780609130859375e+02 3.684057617187500000e+02
9.116054534912109375e+01 4.587082824707031250e+02 5.148241424560546875e+01 1.211318969726562500e+02 1.054353637695312500e+02 3.458694091796875000e+03 1.455950622558593750e+02 1.408163757324218750e+02 1.347039062500000000e+03 3.439662475585937500e+02 2.604780883789062500e+02 3.096360473632812500e+02 5.340177001953125000e+02 9.978800964355468750e+01 2.044384918212890625e+02 3.626267700195312500e+02
8.716561889648437500e+01 4.568176269531250000e+02 5.154940032958984375e+01 1.196647338867187500e+02 1.078248138427734375e+02 3.454269287109375000e+03 1.447462615966796875e+02 1.393654785156250000e+02 1.406722290039062500e+03 3.431642761230468750e+02 2.599629516601562500e+02 3.064310607910156250e+02 5.373018188476562500e+02 1.032088623046875000e+02 2.010763244628906250e+02 3.556362915039062500e+02
8.710157775878906250e+01 4.567911376953125000e+02 5.742370223999023438e+01 1.198068695068359375e+02 1.088227691650390625e+02 3.465762939453125000e+03 1.442025909423828125e+02 1.397764892578125000e+02 1.425915405273437500e+03 3.380390014648437500e+02 2.592717285156250000e+02 3.088394165039062500e+02 5.410536499023437500e+02 1.120789413452148438e+02 2.135329589843750000e+02 3.508077697753906250e+02
9.033367156982421875e+01 4.689890136718750000e+02 6.110055923461914062e+01 1.231099395751953125e+02 1.092508087158203125e+02 3.514517089843750000e+03 1.439709167480468750e+02 1.431157836914062500e+02 1.418525024414062500e+03 3.311163940429687500e+02 2.648031005859375000e+02 3.102389526367187500e+02 5.399145507812500000e+02 1.191655883789062500e+02 2.299226989746093750e+02 3.535228881835937500e+02
8.889018249511718750e+01 4.685165405273437500e+02 5.938968658447265625e+01 1.239019165039062500e+02 1.099752960205078125e+02 3.504873779296875000e+03 1.459817810058593750e+02 1.419567413330078125e+02 1.413569091796875000e+03 3.277457885742187500e+02 2.674410400390625000e+02 3.088384094238281250e+02 5.360811767578125000e+02 1.194871063232421875e+02 2.440680999755859375e+02 3.558917846679687500e+02
9.202201843261718750e+01 4.732174377441406250e+02 5.801547622680664062e+01 1.270396804809570312e+02 1.105533981323242188e+02 3.537391357421875000e+03 1.485151367187500000e+02 1.420811767578125000e+02 1.410354858398437500e+03 3.316418457031250000e+02 2.712138061523437500e+02 3.124902343750000000e+02 5.351621704101562500e+02 1.258031997680664062e+02 2.531027526855468750e+02 3.635967712402343750e+02
9.323409271240234375e+01 4.793906250000000000e+02 5.561508941650390625e+01 1.348562469482421875e+02 1.103373260498046875e+02 3.550813476562500000e+03 1.498377380371093750e+02 1.421504974365234375e+02 1.511445312500000000e+03 3.316560668945312500e+02 2.784375000000000000e+02 3.113928222656250000e+02 5.369697875976562500e+02 1.253916168212890625e+02 2.612247314453125000e+02 3.740414428710937500e+02
9.222145080566406250e+01 4.774796142578125000e+02 5.329636764526367188e+01 1.362341156005859375e+02 1.098364410400390625e+02 3.538404541015625000e+03 1.494630279541015625e+02 1.417778930664062500e+02 1.561707275390625000e+03 3.305476074218750000e+02 2.784699707031250000e+02 3.085809631347656250e+02 5.370800781250000000e+02 1.214651107788085938e+02 2.549947052001953125e+02 3.784916687011718750e+02
9.565316009521484375e+01 4.785941467285156250e+02 5.540276336669921875e+01 1.374403381347656250e+02 1.105651092529296875e+02 3.532064208984375000e+03 1.506276855468750000e+02 1.429440612792968750e+02 1.567669921875000000e+03 3.293776245117187500e+02 2.796686401367187500e+02 3.098885192871093750e+02 5.355428466796875000e+02 1.294484863281250000e+02 2.602857666015625000e+02 3.755172119140625000e+02
9.844872283935546875e+01 4.863973693847656250e+02 5.640108108520507812e+01 1.406048278808593750e+02 1.132902984619140625e+02 3.622773925781250000e+03 1.543633422851562500e+02 1.430764465332031250e+02 1.615722045898437500e+03 3.331906127929687500e+02 2.853869323730468750e+02 3.118613281250000000e+02 5.364151611328125000e+02 1.361708068847656250e+02 2.497375640869140625e+02 3.880986633300781250e+02
9.563011932373046875e+01 4.898416137695312500e+02 5.266204833984375000e+01 1.409468383789062500e+02 1.137312774658203125e+02 3.663878906250000000e+03 1.539086303710937500e+02 1.426501464843750000e+02 1.649279663085937500e+03 3.347284545898437500e+02 2.838815002441406250e+02 3.117460632324218750e+02 5.329104614257812500e+02 1.306134796142578125e+02 2.525070495605468750e+02 3.893499755859375000e+02
9.263451385498046875e+01 4.847310791015625000e+02 4.712785339355468750e+01 1.421301879882812500e+02 1.126887588500976562e+02 3.681416259765625000e+03 1.526658935546875000e+02 1.434617004394531250e+02 1.603011230468750000e+03 3.355408325195312500e+02 2.822860717773437500e+02 2.996367187500000000e+02 5.307072753906250000e+02 1.266603393554687500e+02 2.498748779296875000e+02 3.822624511718750000e+02
8.988336181640625000e+01 4.810833740234375000e+02 4.342945098876953125e+01 1.420218963623046875e+02 1.115221557617187500e+02 3.646002929687500000e+03 1.522155456542968750e+02 1.431709594726562500e+02 1.606808593750000000e+03 3.370182800292968750e+02 2.814850158691406250e+02 2.917008056640625000e+02 5.346754760742187500e+02 1.267163696289062500e+02 2.381145629882812500e+02 3.783606872558593750e+02
8.823917388916015625e+01 4.912425537109375000e+02 4.735301208496093750e+01 1.484291687011718750e+02 1.141668090820312500e+02 3.683217773437500000e+03 1.522741699218750000e+02 1.452054443359375000e+02 1.561471191406250000e+03 3.424183349609375000e+02 2.842048339843750000e+02 3.007574462890625000e+02 5.373159179687500000e+02 1.234491119384765625e+02 2.398108825683593750e+02 3.800646362304687500e+02
8.916493225097656250e+01 4.927563476562500000e+02 5.133920288085937500e+01 1.483583984375000000e+02 1.165438003540039062e+02 3.648702880859375000e+03 1.526698455810546875e+02 1.460834960937500000e+02 1.500480224609375000e+03 3.709930419921875000e+02 2.880447998046875000e+02 3.081507568359375000e+02 5.330594482421875000e+02 1.202997741699218750e+02 2.424961700439453125e+02 3.839864807128906250e+02
8.845852661132812500e+01 5.001481323242187500e+02 4.996573638916015625e+01 1.463553161621093750e+02 1.165506896972656250e+02 3.597221923828125000e+03 1.521142883300781250e+02 1.460400238037109375e+02 1.453729003906250000e+03 3.722489929199218750e+02 2.901077575683593750e+02 3.099275512695312500e+02 5.213377685546875000e+02 1.164813995361328125e+02 2.430780029296875000e+02 3.873355407714843750e+02
9.047723388671875000e+01 5.035201110839843750e+02 5.090459442138671875e+01 1.456504821777343750e+02 1.177510452270507812e+02 3.544713134765625000e+03 1.522716064453125000e+02 1.463872375488281250e+02 1.427575073242187500e+03 3.720436706542968750e+02 2.964598388671875000e+02 3.131982116699218750e+02 5.223121337890625000e+02 1.134167175292968750e+02 2.460215148925781250e+02 3.923255920410156250e+02
