1.012075958251953125e+02 4.554287109375000000e+02 6.758948516845703125e+01 1.133763732910156250e+02 1.419497680664062500e+02 3.087841064453125000e+03 1.558864746093750000e+02 1.588074951171875000e+02 1.547261230468750000e+03 3.279191894531250000e+02 2.668210754394531250e+02 3.721699218750000000e+02 5.657894897460937500e+02 1.182004241943359375e+02 2.744420471191406250e+02 3.365020751953125000e+02
9.463229370117187500e+01 4.581975708007812500e+02 6.400767517089843750e+01 1.128593902587890625e+02 1.464414367675781250e+02 3.113316406250000000e+03 1.540201568603515625e+02 1.571211242675781250e+02 1.510985961914062500e+03 3.192547607421875000e+02 2.714587707519531250e+02 3.797148437500000000e+02 5.680160522460937500e+02 1.105375595092773438e+02 2.846873168945312500e+02 3.421687011718750000e+02
8.897708892822265625e+01 4.661667480468750000e+02 6.091258621215820312e+01 1.144274597167968750e+02 1.497785644531250000e+02 3.129013671875000000e+03 1.559445648193359375e+02 1.588372497558593750e+02 1.592124145507812500e+03 3.171300659179687500e+02 2.727969360351562500e+02 3.818681945800781250e+02 5.503866577148437500e+02 1.048110961914062500e+02 2.843797607421875000e+02 3.454331054687500000e+02
1.007732620239257812e+02 4.770640869140625000e+02 5.605395507812500000e+01 1.163817596435546875e+02 1.523851623535156250e+02 3.060229736328125000e+03 1.548439483642578125e+02 1.560292358398437500e+02 1.598199340820312500e+03 3.219329528808593750e+02 2.720018310546875000e+02 3.822184753417968750e+02 5.737432861328125000e+02 1.118838882446289062e+02 2.800773010253906250e+02 3.426948547363281250e+02
9.886680603027343750e+01 4.935734863281250000e+02 5.504133605957031250e+01 1.165470733642578125e+02 1.546331787109375000e+02 3.187876953125000000e+03 1.561312561035156250e+02 1.579353332519531250e+02 1.557537963867187500e+03 3.421611328125000000e+02 2.858100585937500000e+02 3.846992797851562500e+02 5.617260742187500000e+02 1.142826766967773438e+02 2.796224365234375000e+02 3.447113342285156250e+02
9.081471252441406250e+01 4.937959594726562500e+02 5.314482116699218750e+01 1.177006225585937500e+02 1.557642517089843750e+02 3.175153320312500000e+03 1.534594573974609375e+02 1.644764556884765625e+02 1.537686523437500000e+03 3.502100524902343750e+02 2.928946228027343750e+02 3.843893432617187500e+02 5.527397460937500000e+02 1.142084732055664062e+02 2.649601135253906250e+02 3.518709716796875000e+02
8.677841186523437500e+01 5.131790161132812500e+02 5.065025329589843750e+01 1.180219268798828125e+02 1.569402923583984375e+02 3.121618164062500000e+03 1.664001617431640625e+02 1.665087280273437500e+02 1.507999145507812500e+03 3.671878662109375000e+02 3.059763793945312500e+02 3.852009277343750000e+02 5.706842041015625000e+02 1.133793182373046875e+02 2.642755432128906250e+02 3.521560668945312500e+02
8.741593933105468750e+01 5.206499023437500000e+02 5.323341369628906250e+01 1.211865997314453125e+02 1.592663574218750000e+02 3.136323730468750000e+03 1.627763824462890625e+02 1.696881713867187500e+02 1.499904541015625000e+03 3.646532592773437500e+02 3.206263427734375000e+02 3.866116027832031250e+02 5.944691162109375000e+02 1.131551132202148438e+02 2.435529632568359375e+02 3.508411254882812500e+02
8.503668212890625000e+01 5.169218750000000000e+02 5.076287078857421875e+01 1.204599609375000000e+02 1.593476867675781250e+02 3.083887451171875000e+03 1.650928955078125000e+02 1.627743072509765625e+02 1.480928588867187500e+03 3.564385070800781250e+02 3.213884582519531250e+02 3.847913513183593750e+02 5.968322753906250000e+02 1.125831909179687500e+02 2.351985778808593750e+02 3.519505615234375000e+02
8.815292358398437500e+01 5.100640563964843750e+02 4.898036956787109375e+01 1.211965789794921875e+02 1.593486938476562500e+02 3.109878173828125000e+03 1.609060974121093750e+02 1.653641357421875000e+02 1.437829345703125000e+03 3.484024658203125000e+02 3.236421508789062500e+02 3.859832153320312500e+02 5.762056274414062500e+02 1.118553314208984375e+02 2.276994018554687500e+02 3.470707702636718750e+02
8.507788085937500000e+01 5.087741088867187500e+02 5.099144363403320312e+01 1.189101409912109375e+02 1.598346862792968750e+02 3.131638671875000000e+03 1.575371398925781250e+02 1.630558624267578125e+02 1.392774291992187500e+03 3.477775573730468750e+02 3.218752746582031250e+02 3.856394653320312500e+02 5.828707885742187500e+02 1.087096405029296875e+02 2.273171997070312500e+02 3.478930664062500000e+02
8.067317962646484375e+01 4.997535095214843750e+02 4.709849548339843750e+01 1.150374908447265625e+02 1.590657348632812500e+02 3.053316406250000000e+03 1.537495117187500000e+02 1.575460662841796875e+02 1.349656372070312500e+03 3.495517578125000000e+02 3.204598388671875000e+02 3.833188476562500000e+02 5.725839233398437500e+02 1.091369628906250000e+02 2.183800354003906250e+02 3.440470275878906250e+02
7.900885009765625000e+01 4.861470031738281250e+02 4.320329666137695312e+01 1.095390167236328125e+02 1.590912170410156250e+02 3.011020751953125000e+03 1.480491638183593750e+02 1.515441436767578125e+02 1.325475830078125000e+03 3.463754272460937500e+02 3.110245056152343750e+02 3.808562011718750000e+02 5.495120239257812500e+02 1.085609970092773438e+02 2.298536376953125000e+02 3.477743225097656250e+02
8.403215026855468750e+01 4.731746215820312500e+02 4.186251449584960938e+01 1.037617034912109375e+02 1.575845642089843750e+02 2.977076416015625000e+03 1.439592895507812500e+02 1.490943298339843750e+02 1.277115844726562500e+03 3.314027709960937500e+02 2.981961059570312500e+02 3.772243957519531250e+02 5.289251708984375000e+02 1.080708389282226562e+02 2.189513244628906250e+02 3.461233825683593750e+02
7.719248962402343750e+01 4.510228271484375000e+02 3.856262969970703125e+01 9.287944030761718750e+01 1.564209747314453125e+02 2.902294433593750000e+03 1.410676422119140625e+02 1.426220092773437500e+02 1.232167358398437500e+03 3.284340820312500000e+02 2.816480712890625000e+02 3.676414794921875000e+02 4.986032714843750000e+02 1.044384613037109375e+02 2.133501892089843750e+02 3.401222534179687500e+02
6.835437011718750000e+01 4.205675048828125000e+02 3.064140319824218750e+01 7.524877929687500000e+01 1.535541687011718750e+02 2.811315917968750000e+03 1.305754394531250000e+02 1.282008056640625000e+02 1.160670043945312500e+03 3.175579223632812500e+02 2.587840576171875000e+02 3.518066406250000000e+02 4.689943237304687500e+02 9.839523315429687500e+01 2.023091125488281250e+02 3.211326293945312500e+02
6.514341735839843750e+01 3.925301818847656250e+02 2.346283721923828125e+01 6.530171203613281250e+01 1.523593139648437500e+02 2.782725830078125000e+03 1.247820816040039062e+02 1.217898330688476562e+02 1.122266601562500000e+03 3.076976318359375000e+02 2.370084686279296875e+02 3.474275817871093750e+02 4.376035156250000000e+02 9.437574005126953125e+01 1.873149108886718750e+02 3.096302490234375000e+02
6.040549468994140625e+01 3.752304382324218750e+02 2.015756607055664062e+01 6.042819213867187500e+01 1.475821533203125000e+02 2.739315429687500000e+03 1.210757980346679688e+02 1.144255065917968750e+02 1.104745117187500000e+03 3.027779235839843750e+02 2.191641387939453125e+02 3.325266418457031250e+02 3.870568237304687500e+02 9.080865478515625000e+01 1.795639343261718750e+02 3.097552490234375000e+02
5.857707214355468750e+01 3.664140014648437500e+02 2.007477951049804688e+01 5.760578918457031250e+01 1.399646301269531250e+02 2.743589111328125000e+03 1.178758392333984375e+02 1.120540161132812500e+02 1.084320800781250000e+03 2.963079223632812500e+02 2.131811065673828125e+02 3.109241943359375000e+02 3.836623840332031250e+02 9.289228820800781250e+01 1.882153472900390625e+02 3.196713256835937500e+02
5.729582214355468750e+01 3.564799499511718750e+02 1.881565856933593750e+01 5.819439697265625000e+01 1.271262283325195312e+02 2.800123535156250000e+03 1.151931076049804688e+02 1.121356735229492188e+02 1.083429443359375000e+03 2.987181396484375000e+02 2.130330047607421875e+02 2.967870483398437500e+02 3.937018432617187500e+02 9.484718322753906250e+01 1.955686950683593750e+02 3.275151062011718750e+02
6.248190307617187500e+01 3.487805480957031250e+02 1.667227554321289062e+01 5.740147399902343750e+01 1.144669876098632812e+02 2.825492187500000000e+03 1.150952301025390625e+02 1.084681091308593750e+02 1.058092773437500000e+03 2.912598876953125000e+02 2.056693725585937500e+02 2.871601867675781250e+02 3.965778198242187500e+02 9.333321380615234375e+01 1.900534210205078125e+02 3.289912719726562500e+02
6.184207153320312500e+01 3.475877380371093750e+02 2.056562042236328125e+01 5.914427185058593750e+01 1.087770996093750000e+02 2.875997070312500000e+03 1.141375656127929688e+02 1.072110519409179688e+02 1.120152343750000000e+03 2.780713806152343750e+02 2.038519897460937500e+02 2.912578430175781250e+02 3.865961914062500000e+02 8.960888671875000000e+01 1.818375091552734375e+02 3.195440368652343750e+02
8.521481323242187500e+01 4.241779785156250000e+02 5.545803070068359375e+01 1.172540740966796875e+02 1.483656463623046875e+02 2.900827636718750000e+03 1.374568481445312500e+02 1.369518280029296875e+02 1.310872192382812500e+03 3.216663513183593750e+02 2.649146118164062500e+02 3.501745910644531250e+02 5.561633911132812500e+02 1.027786254882812500e+02 2.193971557617187500e+02 3.741567687988281250e+02
8.514787292480468750e+01 4.296150512695312500e+02 5.236115264892578125e+01 1.243989639282226562e+02 1.419058837890625000e+02 3.026752441406250000e+03 1.396593475341796875e+02 1.388974304199218750e+02 1.311197998046875000e+03 3.687853393554687500e+02 2.664385681152343750e+02 3.275244750976562500e+02 5.737573242187500000e+02 1.018807830810546875e+02 2.151844787597656250e+02 3.653875427246093750e+02
8.259718322753906250e+01 4.316827697753906250e+02 4.898562240600585938e+01 1.239778137207031250e+02 1.406319274902343750e+02 3.315941162109375000e+03 1.369512939453125000e+02 1.406394195556640625e+02 1.308392578125000000e+03 3.880602722167968750e+02 2.652053222656250000e+02 3.291914367675781250e+02 5.822532958984375000e+02 1.024779281616210938e+02 2.167628326416015625e+02 3.622773437500000000e+02
8.049082183837890625e+01 4.229190673828125000e+02 4.393778991699218750e+01 1.208832855224609375e+02 1.359299774169921875e+02 3.323776855468750000e+03 1.388740234375000000e+02 1.358325805664062500e+02 1.264028930664062500e+03 3.869649047851562500e+02 2.595823364257812500e+02 3.226037902832031250e+02 5.729645996093750000e+02 1.012216186523437500e+02 2.064011688232421875e+02 3.509893798828125000e+02
7.594381713867187500e+01 4.224674987792968750e+02 4.144153594970703125e+01 1.189748077392578125e+02 1.337363891601562500e+02 3.260755371093750000e+03 1.392503814697265625e+02 1.332908020019531250e+02 1.251551757812500000e+03 3.630511474609375000e+02 2.532091522216796875e+02 3.159117431640625000e+02 5.495446166992187500e+02 9.902537536621093750e+01 1.991892242431640625e+02 3.473128662109375000e+02
7.681262207031250000e+01 4.387662048339843750e+02 4.097573852539062500e+01 1.220391845703125000e+02 1.337405700683593750e+02 3.245379882812500000e+03 1.373289184570312500e+02 1.313677673339843750e+02 1.257640136718750000e+03 3.733927612304687500e+02 2.630024719238281250e+02 3.211011962890625000e+02 5.487893676757812500e+02 9.783377075195312500e+01 2.012178497314453125e+02 3.555272216796875000e+02
7.394811248779296875e+01 4.488349609375000000e+02 4.412716674804687500e+01 1.221126251220703125e+02 1.331456909179687500e+02 3.254379638671875000e+03 1.362505645751953125e+02 1.354082641601562500e+02 1.297893798828125000e+03 3.919809875488281250e+02 2.625596923828125000e+02 3.259317016601562500e+02 5.537396850585937500e+02 1.008309783935546875e+02 1.981951293945312500e+02 3.642440185546875000e+02
7.481912231445312500e+01 4.462286987304687500e+02 4.186285400390625000e+01 1.143000335693359375e+02 1.317171478271484375e+02 3.159215820312500000e+03 1.365490417480468750e+02 1.318738708496093750e+02 1.302408691406250000e+03 3.685551147460937500e+02 2.562444763183593750e+02 3.218619995117187500e+02 5.419793090820312500e+02 1.022851715087890625e+02 1.877140197753906250e+02 3.640472717285156250e+02
7.224017333984375000e+01 4.544861755371093750e+02 4.154055023193359375e+01 1.148769531250000000e+02 1.320367126464843750e+02 3.112396484375000000e+03 1.343260192871093750e+02 1.404754943847656250e+02 1.298328125000000000e+03 3.601184082031250000e+02 2.566278686523437500e+02 3.250626525878906250e+02 5.422741088867187500e+02 9.845469665527343750e+01 1.760996704101562500e+02 3.580998229980468750e+02
7.058664703369140625e+01 4.417524414062500000e+02 4.421330261230468750e+01 1.129708709716796875e+02 1.306829986572265625e+02 3.002131103515625000e+03 1.297284240722656250e+02 1.385118408203125000e+02 1.245499511718750000e+03 3.507096557617187500e+02 2.510249328613281250e+02 3.247408142089843750e+02 5.435393066406250000e+02 9.804450988769531250e+01 1.785248107910156250e+02 3.533120117187500000e+02
6.965686035156250000e+01 4.357773437500000000e+02 4.634355163574218750e+01 1.183421173095703125e+02 1.272538833618164062e+02 3.060807617187500000e+03 1.269130783081054688e+02 1.332737121582031250e+02 1.256700927734375000e+03 3.566174316406250000e+02 2.479181518554687500e+02 3.244220275878906250e+02 5.492079467773437500e+02 9.954406738281250000e+01 1.840895996093750000e+02 3.527409057617187500e+02
7.726105499267578125e+01 4.297772827148437500e+02 4.923216629028320312e+01 1.176316070556640625e+02 1.242831268310546875e+02 3.023616943359375000e+03 1.286511535644531250e+02 1.316858215332031250e+02 1.227385742187500000e+03 3.407767944335937500e+02 2.445996856689453125e+02 3.263369750976562500e+02 5.559024047851562500e+02 9.809233093261718750e+01 1.949426727294921875e+02 3.578583984375000000e+02
7.716123199462890625e+01 4.484357604980468750e+02 5.687190246582031250e+01 1.202156982421875000e+02 1.279684143066406250e+02 3.180905761718750000e+03 1.382195434570312500e+02 1.361028747558593750e+02 1.325656372070312500e+03 3.376287841796875000e+02 2.522876129150390625e+02 3.257798461914062500e+02 5.759047851562500000e+02 9.797122192382812500e+01 2.151265869140625000e+02 3.586564331054687500e+02
8.665695190429687500e+01 4.849346008300781250e+02 6.908419036865234375e+01 1.365675048828125000e+02 1.293751525878906250e+02 3.288259765625000000e+03 1.478746337890625000e+02 1.466799011230468750e+02 1.303697387695312500e+03 3.367626647949218750e+02 2.687545776367187500e+02 3.436254882812500000e+02 5.547376708984375000e+02 9.984867858886718750e+01 2.344398956298828125e+02 3.969977111816406250e+02
9.848030853271484375e+01 4.861749877929687500e+02 6.983739471435546875e+01 1.319536437988281250e+02 1.283240203857421875e+02 3.365269042968750000e+03 1.486791381835937500e+02 1.475086975097656250e+02 1.320733032226562500e+03 3.427517700195312500e+02 2.645244140625000000e+02 3.420029296875000000e+02 5.588744506835937500e+02 1.000260162353515625e+02 2.317041168212890625e+02 4.008262939453125000e+02
9.918141174316406250e+01 4.769908142089843750e+02 6.505335998535156250e+01 1.253198318481445312e+02 1.268952026367187500e+02 3.224278320312500000e+03 1.461524810791015625e+02 1.444862670898437500e+02 1.380211181640625000e+03 3.545684204101562500e+02 2.631131286621093750e+02 3.393149108886718750e+02 5.728230590820312500e+02 9.849066162109375000e+01 2.209499816894531250e+02 3.897175903320312500e+02
8.980084228515625000e+01 4.708865966796875000e+02 6.551772308349609375e+01 1.210149383544921875e+02 1.270081329345703125e+02 3.220280761718750000e+03 1.443199768066406250e+02 1.404882507324218750e+02 1.466630249023437500e+03 3.500742797851562500e+02 2.602805480957031250e+02 3.315522460937500000e+02 5.793657836914062500e+02 1.049867706298828125e+02 2.175785064697265625e+02 3.731862792968750000e+02
9.073208618164062500e+01 4.674635009765625000e+02 7.428281402587890625e+01 1.198346557617187500e+02 1.265105209350585938e+02 3.221666992187500000e+03 1.428097839355468750e+02 1.409102783203125000e+02 1.470932373046875000e+03 3.363413696289062500e+02 2.559272155761718750e+02 3.336288452148437500e+02 5.868097534179687500e+02 1.184234924316406250e+02 2.357923278808593750e+02 3.628409729003906250e+02
9.643619537353515625e+01 4.873129882812500000e+02 7.871125030517578125e+01 1.248371963500976562e+02 1.271190948486328125e+02 3.289926269531250000e+03 1.414931335449218750e+02 1.462783966064453125e+02 1.445068603515625000e+03 3.226533508300781250e+02 2.661380615234375000e+02 3.379499206542968750e+02 5.851418457031250000e+02 1.277339477539062500e+02 2.573076477050781250e+02 3.685989685058593750e+02
9.218188476562500000e+01 4.793438110351562500e+02 7.652877807617187500e+01 1.228286895751953125e+02 1.282746887207031250e+02 3.238469238281250000e+03 1.451985778808593750e+02 1.411400146484375000e+02 1.425897949218750000e+03 3.185945129394531250e+02 2.674134521484375000e+02 3.349357299804687500e+02 5.787624511718750000e+02 1.267988967895507812e+02 2.728165283203125000e+02 3.707409362792968750e+02
9.758179473876953125e+01 4.844666748046875000e+02 7.428878021240234375e+01 1.265272750854492188e+02 1.294922332763671875e+02 3.317079589843750000e+03 1.489046020507812500e+02 1.397688903808593750e+02 1.414394287109375000e+03 3.279913940429687500e+02 2.715961303710937500e+02 3.377730712890625000e+02 5.768850708007812500e+02 1.361185455322265625e+02 2.796996765136718750e+02 3.814246826171875000e+02
9.833531951904296875e+01 4.921123046875000000e+02 7.085301971435546875e+01 1.387739105224609375e+02 1.300560302734375000e+02 3.356230957031250000e+03 1.497196044921875000e+02 1.392117919921875000e+02 1.580797607421875000e+03 3.271401062011718750e+02 2.823555297851562500e+02 3.386239013671875000e+02 5.816686401367187500e+02 1.340420532226562500e+02 2.844487609863281250e+02 3.950280151367187500e+02
9.507949829101562500e+01 4.812460937500000000e+02 6.727271270751953125e+01 1.366533813476562500e+02 1.297329101562500000e+02 3.239971435546875000e+03 1.465573272705078125e+02 1.360044860839843750e+02 1.623471557617187500e+03 3.210153198242187500e+02 2.765391845703125000e+02 3.320963439941406250e+02 5.833034667968750000e+02 1.261566238403320312e+02 2.745068359375000000e+02 3.984781494140625000e+02
1.002887039184570312e+02 4.800904846191406250e+02 6.971834564208984375e+01 1.363865966796875000e+02 1.310932922363281250e+02 3.179423583984375000e+03 1.479982910156250000e+02 1.372216186523437500e+02 1.602457153320312500e+03 3.143106994628906250e+02 2.757265014648437500e+02 3.343639526367187500e+02 5.815659179687500000e+02 1.386302642822265625e+02 2.810628051757812500e+02 3.899873352050781250e+02
1.037995758056640625e+02 4.917908325195312500e+02 6.978883361816406250e+01 1.401935119628906250e+02 1.360383453369140625e+02 3.308321777343750000e+03 1.540214538574218750e+02 1.349072265625000000e+02 1.659858398437500000e+03 3.211481018066406250e+02 2.846378479003906250e+02 3.379248046875000000e+02 5.839199829101562500e+02 1.463117523193359375e+02 2.663110656738281250e+02 4.087502136230468750e+02
9.584782409667968750e+01 4.938278808593750000e+02 6.290553665161132812e+01 1.370347290039062500e+02 1.378745727539062500e+02 3.259649902343750000e+03 1.508501586914062500e+02 1.312967529296875000e+02 1.688424194335937500e+03 3.231520996093750000e+02 2.754302368164062500e+02 3.356891784667968750e+02 5.760449829101562500e+02 1.347061614990234375e+02 2.720401000976562500e+02 4.069278259277343750e+02
8.877628326416015625e+01 4.748261718750000000e+02 5.234891891479492188e+01 1.364862670898437500e+02 1.366327362060546875e+02 3.342937744140625000e+03 1.457150268554687500e+02 1.315909118652343750e+02 1.597125122070312500e+03 3.217200927734375000e+02 2.672655944824218750e+02 3.164941406250000000e+02 5.680561523437500000e+02 1.288155059814453125e+02 2.675748901367187500e+02 3.918967590332031250e+02
8.302297973632812500e+01 4.623118286132812500e+02 4.592687988281250000e+01 1.324221801757812500e+02 1.347967376708984375e+02 3.385018310546875000e+03 1.433603820800781250e+02 1.278721313476562500e+02 1.609020751953125000e+03 3.205948486328125000e+02 2.617308959960937500e+02 3.022901306152343750e+02 5.696838989257812500e+02 1.301705322265625000e+02 2.476123352050781250e+02 3.845378112792968750e+02
7.923306274414062500e+01 4.814783935546875000e+02 5.242063903808593750e+01 1.432658081054687500e+02 1.412093353271484375e+02 3.620655761718750000e+03 1.423103332519531250e+02 1.316453399658203125e+02 1.547611572265625000e+03 3.306876220703125000e+02 2.664100341796875000e+02 3.211511230468750000e+02 5.813858642578125000e+02 1.239370040893554688e+02 2.509052734375000000e+02 3.868794555664062500e+02
8.199404907226562500e+01 4.798010864257812500e+02 5.715291213989257812e+01 1.386799621582031250e+02 1.478605651855468750e+02 3.689209472656250000e+03 1.421902008056640625e+02 1.313542480468750000e+02 1.464290893554687500e+03 3.746687927246093750e+02 2.725552368164062500e+02 3.369358215332031250e+02 5.774940185546875000e+02 1.183869018554687500e+02 2.529614105224609375e+02 3.916594238281250000e+02
7.967457580566406250e+01 4.915830688476562500e+02 5.384678649902343750e+01 1.303266143798828125e+02 1.513829040527343750e+02 3.797609863281250000e+03 1.387633972167968750e+02 1.285039367675781250e+02 1.403985717773437500e+03 3.678746948242187500e+02 2.739918212890625000e+02 3.425307922363281250e+02 5.677998046875000000e+02 1.109730987548828125e+02 2.545537872314453125e+02 3.950413818359375000e+02
8.465489959716796875e+01 4.967526245117187500e+02 5.517339706420898438e+01 1.280223388671875000e+02 1.563210144042968750e+02 3.921414062500000000e+03 1.382797241210937500e+02 1.279943618774414062e+02 1.379053100585937500e+03 3.649584350585937500e+02 2.862823181152343750e+02 3.537034301757812500e+02 5.803657836914062500e+02 1.048622131347656250e+02 2.609522705078125000e+02 4.017624206542968750e+02
8.746838378906250000e+01 5.069532470703125000e+02 5.568974304199218750e+01 1.392363281250000000e+02 1.591589660644531250e+02 4.103812988281250000e+03 1.396412353515625000e+02 1.289656829833984375e+02 1.367350952148437500e+03 3.527878112792968750e+02 2.877501831054687500e+02 3.569362487792968750e+02 5.930079345703125000e+02 1.031011810302734375e+02 2.548787689208984375e+02 4.120093688964843750e+02
9.410067749023437500e+01 5.128100585937500000e+02 5.937486267089843750e+01 1.415428771972656250e+02 1.612860717773437500e+02 4.308091796875000000e+03 1.458917541503906250e+02 1.333500518798828125e+02 1.354863403320312500e+03 3.509026184082031250e+02 2.896070556640625000e+02 3.618136596679687500e+02 6.013555908203125000e+02 1.058826446533203125e+02 2.409874267578125000e+02 4.311303405761718750e+02
9.192205810546875000e+01 5.063342590332031250e+02 5.610736083984375000e+01 1.410923767089843750e+02 1.619834899902343750e+02 4.354573242187500000e+03 1.561190490722656250e+02 1.325336914062500000e+02 1.309665405273437500e+03 3.603164367675781250e+02 2.840475158691406250e+02 3.655469360351562500e+02 5.849390869140625000e+02 1.106467437744140625e+02 2.286095123291015625e+02 4.113475036621093750e+02
1.000400314331054688e+02 4.830382690429687500e+02 5.178900909423828125e+01 1.370539245605468750e+02 1.616707763671875000e+02 4.324194335937500000e+03 1.503715820312500000e+02 1.311091003417968750e+02 1.276940063476562500e+03 3.451437988281250000e+02 2.745447387695312500e+02 3.436730346679687500e+02 5.948079833984375000e+02 1.086481781005859375e+02 2.139253692626953125e+02 3.949083862304687500e+02
9.733077239990234375e+01 4.831046752929687500e+02 4.765563964843750000e+01 1.369059448242187500e+02 1.614092254638671875e+02 4.459080566406250000e+03 1.473775329589843750e+02 1.300402221679687500e+02 1.325595825195312500e+03 3.474581604003906250e+02 2.720317077636718750e+02 3.420616455078125000e+02 6.083173828125000000e+02 1.053487854003906250e+02 2.084517211914062500e+02 4.067783813476562500e+02
1.027403411865234375e+02 4.702967529296875000e+02 4.553175354003906250e+01 1.358663330078125000e+02 1.601487426757812500e+02 4.399427734375000000e+03 1.470733642578125000e+02 1.295864257812500000e+02 1.288446289062500000e+03 3.330264587402343750e+02 2.709422302246093750e+02 3.334419555664062500e+02 6.093110351562500000e+02 1.105905456542968750e+02 1.994028015136718750e+02 3.995061340332031250e+02
1.076161651611328125e+02 4.717917480468750000e+02 4.841507339477539062e+01 1.357259674072265625e+02 1.609262542724609375e+02 4.413097656250000000e+03 1.477789611816406250e+02 1.303760528564453125e+02 1.249883300781250000e+03 3.338770446777343750e+02 2.752338256835937500e+02 3.259724731445312500e+02 6.032291259765625000e+02 1.122781982421875000e+02 1.957741088867187500e+02 4.080943908691406250e+02
