9.149565124511718750e+01 4.508568725585937500e+02 5.743415832519531250e+01 1.137572631835937500e+02 1.236505203247070312e+02 3.229994140625000000e+03 1.526941223144531250e+02 1.509062805175781250e+02 1.513010131835937500e+03 3.287420654296875000e+02 2.641864318847656250e+02 3.424296569824218750e+02 5.466428222656250000e+02 1.162670211791992188e+02 2.422914428710937500e+02 3.327977905273437500e+02
8.961830139160156250e+01 4.537094116210937500e+02 5.615640640258789062e+01 1.149059143066406250e+02 1.247777557373046875e+02 3.213349121093750000e+03 1.519775085449218750e+02 1.511123199462890625e+02 1.493053222656250000e+03 3.245326843261718750e+02 2.678759155273437500e+02 3.450954895019531250e+02 5.431301269531250000e+02 1.115258636474609375e+02 2.515352783203125000e+02 3.366923522949218750e+02
8.633041381835937500e+01 4.561932983398437500e+02 5.276642990112304688e+01 1.151786499023437500e+02 1.257630691528320312e+02 3.128446777343750000e+03 1.521015167236328125e+02 1.512603607177734375e+02 1.515664428710937500e+03 3.221378784179687500e+02 2.677629394531250000e+02 3.450343017578125000e+02 5.304749755859375000e+02 1.069902191162109375e+02 2.549042510986328125e+02 3.378559570312500000e+02
9.096882629394531250e+01 4.571680908203125000e+02 4.827589416503906250e+01 1.135823059082031250e+02 1.265395507812500000e+02 3.029693603515625000e+03 1.501337890625000000e+02 1.480057525634765625e+02 1.493405883789062500e+03 3.208208618164062500e+02 2.639655456542968750e+02 3.442111511230468750e+02 5.410015258789062500e+02 1.081476135253906250e+02 2.550506134033203125e+02 3.339602661132812500e+02
8.956233978271484375e+01 4.626245727539062500e+02 4.682489013671875000e+01 1.112038269042968750e+02 1.273853530883789062e+02 3.017775390625000000e+03 1.491147766113281250e+02 1.475364685058593750e+02 1.456813110351562500e+03 3.285526123046875000e+02 2.683126220703125000e+02 3.449352416992187500e+02 5.331629028320312500e+02 1.082295837402343750e+02 2.563786010742187500e+02 3.328213500976562500e+02
8.410862731933593750e+01 4.601566162109375000e+02 4.397737884521484375e+01 1.090604248046875000e+02 1.274041213989257812e+02 2.954427734375000000e+03 1.463821563720703125e+02 1.499443511962890625e+02 1.437720458984375000e+03 3.308370666503906250e+02 2.698585815429687500e+02 3.437590942382812500e+02 5.249754028320312500e+02 1.077563171386718750e+02 2.498148803710937500e+02 3.345135803222656250e+02
8.065506744384765625e+01 4.688360595703125000e+02 4.092823791503906250e+01 1.065710449218750000e+02 1.264715957641601562e+02 2.893915283203125000e+03 1.520870056152343750e+02 1.506109161376953125e+02 1.406347412109375000e+03 3.372761535644531250e+02 2.758559875488281250e+02 3.416703491210937500e+02 5.266865234375000000e+02 1.060333175659179688e+02 2.490602569580078125e+02 3.333244018554687500e+02
7.794364929199218750e+01 4.640883178710937500e+02 4.101927185058593750e+01 9.947839355468750000e+01 1.266923522949218750e+02 2.856573486328125000e+03 1.475338287353515625e+02 1.502618560791015625e+02 1.356384887695312500e+03 3.244851989746093750e+02 2.771420288085937500e+02 3.401871032714843750e+02 5.335886230468750000e+02 1.030444793701171875e+02 2.328259735107421875e+02 3.269741821289062500e+02
7.143899536132812500e+01 4.411640930175781250e+02 3.454676055908203125e+01 8.669738769531250000e+01 1.253594894409179688e+02 2.829050048828125000e+03 1.421430206298828125e+02 1.394338073730468750e+02 1.302489746093750000e+03 3.084873962402343750e+02 2.629080200195312500e+02 3.367039489746093750e+02 5.246826782226562500e+02 9.808451843261718750e+01 2.227002258300781250e+02 3.158659667968750000e+02
6.856501770019531250e+01 4.192440795898437500e+02 2.632441329956054688e+01 7.802136230468750000e+01 1.241332092285156250e+02 2.834960205078125000e+03 1.352617492675781250e+02 1.325289611816406250e+02 1.223181762695312500e+03 2.972688598632812500e+02 2.513509826660156250e+02 3.354335327148437500e+02 4.926780700683593750e+02 9.424665832519531250e+01 2.076162261962890625e+02 3.037518615722656250e+02
6.497305297851562500e+01 4.085160522460937500e+02 2.312104034423828125e+01 7.300929260253906250e+01 1.234455261230468750e+02 2.841114746093750000e+03 1.309319458007812500e+02 1.270036087036132812e+02 1.161154418945312500e+03 2.926696777343750000e+02 2.441294250488281250e+02 3.320549011230468750e+02 4.705226440429687500e+02 9.111515045166015625e+01 1.961732482910156250e+02 2.989526977539062500e+02
6.285559082031250000e+01 4.026687011718750000e+02 1.955601882934570312e+01 7.103402709960937500e+01 1.211923599243164062e+02 2.811854492187500000e+03 1.284483642578125000e+02 1.232064590454101562e+02 1.135995361328125000e+03 2.936539916992187500e+02 2.420391998291015625e+02 3.254282836914062500e+02 4.479209594726562500e+02 9.094483184814453125e+01 1.849272460937500000e+02 2.964573974609375000e+02
6.264899444580078125e+01 4.025537719726562500e+02 1.867109298706054688e+01 7.072157287597656250e+01 1.206840667724609375e+02 2.810972656250000000e+03 1.271292037963867188e+02 1.222202148437500000e+02 1.140176025390625000e+03 2.962586059570312500e+02 2.425791931152343750e+02 3.192009887695312500e+02 4.382221069335937500e+02 9.193536376953125000e+01 1.892294464111328125e+02 3.011620483398437500e+02
6.738299560546875000e+01 4.091148376464843750e+02 2.119089508056640625e+01 7.423130798339843750e+01 1.198900985717773438e+02 2.828125488281250000e+03 1.283402099609375000e+02 1.254006347656250000e+02 1.135576293945312500e+03 2.966665039062500000e+02 2.464212188720703125e+02 3.175880126953125000e+02 4.318267822265625000e+02 9.441700744628906250e+01 1.859867095947265625e+02 3.082934570312500000e+02
6.818145751953125000e+01 4.107631225585937500e+02 2.306492614746093750e+01 7.771185302734375000e+01 1.199488220214843750e+02 2.846131835937500000e+03 1.303813781738281250e+02 1.270644302368164062e+02 1.144582397460937500e+03 3.037605590820312500e+02 2.476486511230468750e+02 3.157079162597656250e+02 4.272408447265625000e+02 9.587877655029296875e+01 1.870236206054687500e+02 3.145953369140625000e+02
6.896326446533203125e+01 4.133396606445312500e+02 2.383940505981445312e+01 8.063484191894531250e+01 1.195228118896484375e+02 2.850768554687500000e+03 1.303843688964843750e+02 1.263195419311523438e+02 1.136036987304687500e+03 3.116382446289062500e+02 2.487772674560546875e+02 3.121808166503906250e+02 4.368490905761718750e+02 9.739324951171875000e+01 1.878186645507812500e+02 3.184078674316406250e+02
7.213337707519531250e+01 4.215565795898437500e+02 2.715624618530273438e+01 8.589335632324218750e+01 1.206601028442382812e+02 2.914692138671875000e+03 1.335411987304687500e+02 1.317467956542968750e+02 1.161724365234375000e+03 3.230154113769531250e+02 2.554145812988281250e+02 3.172164611816406250e+02 4.388815002441406250e+02 1.001704254150390625e+02 1.889482269287109375e+02 3.268496704101562500e+02
7.314187622070312500e+01 4.290540771484375000e+02 3.112253570556640625e+01 9.157846069335937500e+01 1.206738357543945312e+02 2.940845214843750000e+03 1.361471405029296875e+02 1.341536560058593750e+02 1.199314941406250000e+03 3.329514465332031250e+02 2.588862609863281250e+02 3.175019226074218750e+02 4.480128784179687500e+02 1.018880081176757812e+02 1.914758453369140625e+02 3.388894653320312500e+02
7.538746643066406250e+01 4.376597900390625000e+02 3.523694229125976562e+01 9.765597534179687500e+01 1.218497314453125000e+02 2.997054199218750000e+03 1.379720153808593750e+02 1.379122772216796875e+02 1.225960327148437500e+03 3.393187255859375000e+02 2.658211669921875000e+02 3.176875915527343750e+02 4.639157409667968750e+02 1.066567077636718750e+02 2.018995361328125000e+02 3.553578186035156250e+02
7.716616821289062500e+01 4.401210327148437500e+02 3.746582412719726562e+01 1.050818634033203125e+02 1.226772308349609375e+02 3.067929199218750000e+03 1.384296264648437500e+02 1.424948730468750000e+02 1.257976318359375000e+03 3.497416992187500000e+02 2.742124023437500000e+02 3.183734130859375000e+02 4.651526184082031250e+02 1.111360778808593750e+02 2.114054870605468750e+02 3.691943664550781250e+02
8.313368988037109375e+01 4.401259765625000000e+02 3.816212081909179688e+01 1.099606475830078125e+02 1.219150161743164062e+02 3.102770996093750000e+03 1.404849853515625000e+02 1.427883911132812500e+02 1.260751586914062500e+03 3.537175903320312500e+02 2.743509521484375000e+02 3.137074890136718750e+02 4.561231689453125000e+02 1.127056274414062500e+02 2.147697296142578125e+02 3.771521606445312500e+02
8.556060791015625000e+01 4.433863830566406250e+02 4.368848419189453125e+01 1.158623809814453125e+02 1.214021301269531250e+02 3.148147460937500000e+03 1.411014099121093750e+02 1.441825866699218750e+02 1.323472900390625000e+03 3.484820556640625000e+02 2.771550903320312500e+02 3.140892639160156250e+02 4.431104736328125000e+02 1.117112121582031250e+02 2.124242706298828125e+02 3.773836059570312500e+02
9.309176635742187500e+01 4.543344116210937500e+02 5.370670700073242188e+01 1.370085144042968750e+02 1.203972091674804688e+02 3.214913085937500000e+03 1.461674804687500000e+02 1.488350830078125000e+02 1.414736694335937500e+03 3.643381958007812500e+02 2.892298583984375000e+02 3.055258178710937500e+02 4.780501098632812500e+02 1.109727020263671875e+02 2.223615417480468750e+02 3.852088012695312500e+02
9.034939575195312500e+01 4.324780883789062500e+02 5.247632598876953125e+01 1.318836669921875000e+02 1.213743438720703125e+02 3.171619140625000000e+03 1.406636047363281250e+02 1.414428100585937500e+02 1.431727539062500000e+03 3.844529724121093750e+02 2.746746826171875000e+02 2.964052124023437500e+02 5.030294799804687500e+02 1.052313842773437500e+02 2.230340118408203125e+02 3.705333251953125000e+02
8.331932067871093750e+01 4.065063476562500000e+02 4.511182785034179688e+01 1.168113708496093750e+02 1.198070983886718750e+02 3.167862304687500000e+03 1.316844787597656250e+02 1.320912780761718750e+02 1.401829223632812500e+03 3.841934814453125000e+02 2.534248199462890625e+02 2.939581298828125000e+02 5.109213867187500000e+02 9.888897705078125000e+01 2.187203826904296875e+02 3.507187194824218750e+02
7.621200561523437500e+01 3.798689880371093750e+02 3.584160614013671875e+01 1.016148834228515625e+02 1.155484848022460938e+02 3.054336914062500000e+03 1.260521850585937500e+02 1.210596084594726562e+02 1.331974853515625000e+03 3.695865173339843750e+02 2.328264007568359375e+02 2.850405273437500000e+02 5.077437744140625000e+02 9.276901245117187500e+01 2.056649780273437500e+02 3.278790588378906250e+02
6.866851043701171875e+01 3.635652160644531250e+02 2.854088973999023438e+01 9.055680847167968750e+01 1.138999633789062500e+02 3.002990722656250000e+03 1.217243652343750000e+02 1.132329177856445312e+02 1.280237670898437500e+03 3.469985656738281250e+02 2.168027801513671875e+02 2.771327514648437500e+02 4.953031616210937500e+02 8.781646728515625000e+01 1.955274963378906250e+02 3.128997192382812500e+02
6.578083038330078125e+01 3.598504638671875000e+02 2.352400207519531250e+01 8.468264770507812500e+01 1.138547058105468750e+02 2.960530517578125000e+03 1.178095397949218750e+02 1.079892349243164062e+02 1.246258544921875000e+03 3.397231445312500000e+02 2.118867797851562500e+02 2.805350341796875000e+02 4.949866333007812500e+02 8.469995880126953125e+01 1.902357482910156250e+02 3.067373657226562500e+02
6.188258361816406250e+01 3.560311584472656250e+02 2.117172622680664062e+01 7.888436889648437500e+01 1.130421600341796875e+02 2.950497558593750000e+03 1.152047653198242188e+02 1.065114440917968750e+02 1.237230224609375000e+03 3.401252136230468750e+02 2.049112091064453125e+02 2.852255859375000000e+02 4.973255920410156250e+02 8.386206054687500000e+01 1.840712280273437500e+02 3.037165832519531250e+02
6.101290893554687500e+01 3.531447753906250000e+02 1.849840927124023438e+01 7.364236450195312500e+01 1.117972412109375000e+02 2.974802246093750000e+03 1.146018905639648438e+02 1.036647720336914062e+02 1.227779052734375000e+03 3.263272094726562500e+02 1.998341217041015625e+02 2.834895019531250000e+02 4.927141723632812500e+02 8.370471191406250000e+01 1.767800903320312500e+02 3.016354370117187500e+02
5.986162567138671875e+01 3.583865966796875000e+02 1.819486999511718750e+01 7.414962768554687500e+01 1.131430206298828125e+02 3.014807128906250000e+03 1.138066787719726562e+02 1.075597457885742188e+02 1.223337402343750000e+03 3.215881347656250000e+02 2.003043212890625000e+02 2.901513061523437500e+02 5.025603027343750000e+02 8.208891296386718750e+01 1.699606323242187500e+02 2.993868408203125000e+02
5.896980285644531250e+01 3.539707336425781250e+02 1.988342285156250000e+01 7.352828979492187500e+01 1.133966369628906250e+02 2.988839111328125000e+03 1.118222198486328125e+02 1.068929367065429688e+02 1.195692993164062500e+03 3.169921875000000000e+02 1.978028717041015625e+02 2.942152709960937500e+02 5.117073669433593750e+02 8.186158752441406250e+01 1.697586059570312500e+02 2.974539184570312500e+02
5.855525207519531250e+01 3.528672485351562500e+02 2.224144363403320312e+01 7.635456848144531250e+01 1.120676727294921875e+02 3.064148437500000000e+03 1.107441024780273438e+02 1.047097396850585938e+02 1.193224121093750000e+03 3.182912597656250000e+02 1.965244445800781250e+02 2.970979614257812500e+02 5.202186279296875000e+02 8.258987426757812500e+01 1.721852874755859375e+02 2.977687988281250000e+02
6.216455841064453125e+01 3.526554565429687500e+02 2.597510147094726562e+01 7.787528991699218750e+01 1.098045730590820312e+02 3.075400878906250000e+03 1.120739517211914062e+02 1.047468338012695312e+02 1.179297119140625000e+03 3.120661926269531250e+02 1.962893371582031250e+02 3.005625610351562500e+02 5.213782348632812500e+02 8.230171203613281250e+01 1.789420928955078125e+02 3.023129882812500000e+02
6.374535369873046875e+01 3.650431518554687500e+02 3.266300201416015625e+01 8.374830627441406250e+01 1.093148345947265625e+02 3.181266601562500000e+03 1.174309310913085938e+02 1.082957687377929688e+02 1.208150756835937500e+03 3.128393249511718750e+02 2.032433471679687500e+02 3.001606140136718750e+02 5.221257324218750000e+02 8.282174682617187500e+01 1.918526306152343750e+02 3.067846679687500000e+02
6.496067810058593750e+01 3.933545227050781250e+02 3.294060134887695312e+01 8.371206665039062500e+01 1.038504791259765625e+02 3.197835693359375000e+03 1.248956298828125000e+02 1.167510604858398438e+02 1.120924682617187500e+03 2.917649536132812500e+02 2.156169433593750000e+02 3.063534851074218750e+02 4.842749938964843750e+02 8.688537597656250000e+01 1.841509399414062500e+02 3.245035400390625000e+02
7.150581359863281250e+01 3.986514892578125000e+02 3.579166030883789062e+01 8.437181091308593750e+01 1.048505935668945312e+02 3.304702148437500000e+03 1.266047134399414062e+02 1.187831039428710938e+02 1.135756958007812500e+03 2.947792053222656250e+02 2.166713714599609375e+02 3.082334289550781250e+02 4.924133911132812500e+02 8.780722045898437500e+01 1.853403625488281250e+02 3.294753112792968750e+02
7.296337890625000000e+01 3.979138793945312500e+02 3.414910888671875000e+01 8.308439636230468750e+01 1.051560516357421875e+02 3.261317382812500000e+03 1.264488525390625000e+02 1.184393386840820312e+02 1.167215209960937500e+03 3.016116943359375000e+02 2.179991912841796875e+02 3.080171203613281250e+02 5.064978942871093750e+02 8.755567932128906250e+01 1.805080718994140625e+02 3.256448974609375000e+02
6.918661499023437500e+01 3.984768981933593750e+02 3.470426177978515625e+01 8.259179687500000000e+01 1.064512634277343750e+02 3.288059326171875000e+03 1.262503128051757812e+02 1.174858016967773438e+02 1.218187011718750000e+03 3.015007324218750000e+02 2.183577117919921875e+02 3.046091613769531250e+02 5.159372558593750000e+02 9.085972595214843750e+01 1.790815429687500000e+02 3.197304687500000000e+02
7.042768096923828125e+01 4.000704345703125000e+02 3.990599441528320312e+01 8.352072143554687500e+01 1.071020050048828125e+02 3.330516357421875000e+03 1.261054687500000000e+02 1.186472473144531250e+02 1.235428100585937500e+03 2.960975341796875000e+02 2.178581542968750000e+02 3.072082824707031250e+02 5.253634643554687500e+02 9.791314697265625000e+01 1.897503051757812500e+02 3.165021057128906250e+02
7.368782043457031250e+01 4.114875183105468750e+02 4.358259582519531250e+01 8.730389404296875000e+01 1.082395019531250000e+02 3.424729248046875000e+03 1.261143493652343750e+02 1.222792510986328125e+02 1.234844726562500000e+03 2.901938476562500000e+02 2.238221435546875000e+02 3.108219909667968750e+02 5.274133911132812500e+02 1.037204132080078125e+02 2.062969207763671875e+02 3.198878173828125000e+02
7.284899902343750000e+01 4.111517639160156250e+02 4.314855957031250000e+01 8.805072021484375000e+01 1.097905578613281250e+02 3.484272216796875000e+03 1.284881744384765625e+02 1.206742401123046875e+02 1.232405151367187500e+03 2.892022705078125000e+02 2.264730987548828125e+02 3.097726135253906250e+02 5.250606689453125000e+02 1.045911865234375000e+02 2.214126739501953125e+02 3.224577941894531250e+02
7.614082336425781250e+01 4.169346923828125000e+02 4.311037445068359375e+01 9.177577209472656250e+01 1.113585281372070312e+02 3.572528320312500000e+03 1.309731140136718750e+02 1.211340026855468750e+02 1.230640625000000000e+03 2.947967529296875000e+02 2.306311798095703125e+02 3.125294799804687500e+02 5.260290527343750000e+02 1.106246337890625000e+02 2.328118286132812500e+02 3.296370544433593750e+02
7.794583129882812500e+01 4.238865356445312500e+02 4.184094619750976562e+01 9.958514404296875000e+01 1.121691360473632812e+02 3.636726074218750000e+03 1.324453430175781250e+02 1.213690414428710938e+02 1.350345581054687500e+03 2.952955017089843750e+02 2.380537719726562500e+02 3.134712829589843750e+02 5.308176879882812500e+02 1.112765350341796875e+02 2.455603942871093750e+02 3.394479064941406250e+02
7.781912231445312500e+01 4.232913818359375000e+02 4.045759582519531250e+01 1.015477142333984375e+02 1.123049087524414062e+02 3.652728271484375000e+03 1.322173309326171875e+02 1.207356414794921875e+02 1.407232788085937500e+03 2.939786987304687500e+02 2.384541931152343750e+02 3.098686523437500000e+02 5.334508056640625000e+02 1.084041824340820312e+02 2.445451202392578125e+02 3.451085510253906250e+02
8.183571624755859375e+01 4.272178344726562500e+02 4.286758804321289062e+01 1.041311492919921875e+02 1.136319122314453125e+02 3.685575683593750000e+03 1.345383605957031250e+02 1.227379226684570312e+02 1.423121459960937500e+03 2.919071655273437500e+02 2.413313293457031250e+02 3.114191894531250000e+02 5.338126220703125000e+02 1.162166137695312500e+02 2.527345123291015625e+02 3.446130371093750000e+02
8.513420104980468750e+01 4.383654785156250000e+02 4.439673614501953125e+01 1.095004577636718750e+02 1.174687042236328125e+02 3.768652832031250000e+03 1.392377319335937500e+02 1.231361999511718750e+02 1.490320068359375000e+03 2.975119934082031250e+02 2.496834716796875000e+02 3.141255493164062500e+02 5.372152099609375000e+02 1.223594665527343750e+02 2.457791595458984375e+02 3.572352905273437500e+02
8.305472564697265625e+01 4.452694702148437500e+02 4.178218078613281250e+01 1.117902069091796875e+02 1.194019775390625000e+02 3.747691650390625000e+03 1.394156799316406250e+02 1.226905822753906250e+02 1.534914794921875000e+03 3.019194335937500000e+02 2.493748931884765625e+02 3.139805908203125000e+02 5.353670654296875000e+02 1.180845642089843750e+02 2.486543579101562500e+02 3.608522338867187500e+02
8.091429138183593750e+01 4.422440185546875000e+02 3.727181625366210938e+01 1.157627410888671875e+02 1.195639724731445312e+02 3.799953369140625000e+03 1.386340484619140625e+02 1.248911590576171875e+02 1.527554443359375000e+03 3.056834106445312500e+02 2.497426910400390625e+02 3.045888061523437500e+02 5.322806396484375000e+02 1.163169097900390625e+02 2.477807922363281250e+02 3.571183776855468750e+02
7.906214141845703125e+01 4.420919189453125000e+02 3.498847198486328125e+01 1.182125701904296875e+02 1.196809310913085938e+02 3.753896484375000000e+03 1.393928833007812500e+02 1.250328445434570312e+02 1.554280151367187500e+03 3.091860961914062500e+02 2.516911773681640625e+02 2.974238891601562500e+02 5.343263549804687500e+02 1.179803771972656250e+02 2.400670471191406250e+02 3.567055969238281250e+02
7.815069580078125000e+01 4.560297851562500000e+02 3.932453155517578125e+01 1.270383605957031250e+02 1.241495590209960938e+02 3.743486816406250000e+03 1.406494445800781250e+02 1.291673278808593750e+02 1.529797973632812500e+03 3.161279907226562500e+02 2.577644653320312500e+02 3.098617248535156250e+02 5.424486083984375000e+02 1.163807678222656250e+02 2.443798370361328125e+02 3.607483825683593750e+02
8.032063293457031250e+01 4.602574462890625000e+02 4.314607238769531250e+01 1.281754455566406250e+02 1.279703369140625000e+02 3.680797363281250000e+03 1.418618164062500000e+02 1.311727600097656250e+02 1.480136840820312500e+03 3.407257690429687500e+02 2.639874877929687500e+02 3.209249877929687500e+02 5.431064453125000000e+02 1.141057052612304688e+02 2.481702423095703125e+02 3.663379211425781250e+02
7.979751586914062500e+01 4.701862487792968750e+02 4.264968872070312500e+01 1.261531677246093750e+02 1.291864318847656250e+02 3.636601074218750000e+03 1.408804779052734375e+02 1.307795715332031250e+02 1.446964599609375000e+03 3.442857055664062500e+02 2.674707946777343750e+02 3.249768371582031250e+02 5.395306396484375000e+02 1.098874511718750000e+02 2.468981323242187500e+02 3.719149780273437500e+02
8.248558807373046875e+01 4.761777038574218750e+02 4.463730621337890625e+01 1.260254440307617188e+02 1.310659179687500000e+02 3.594889404296875000e+03 1.412306365966796875e+02 1.308291320800781250e+02 1.428628295898437500e+03 3.494365539550781250e+02 2.753702697753906250e+02 3.302012939453125000e+02 5.472898559570312500e+02 1.061658935546875000e+02 2.468442382812500000e+02 3.789095153808593750e+02
8.404934692382812500e+01 4.821546630859375000e+02 4.530545806884765625e+01 1.309784851074218750e+02 1.323023376464843750e+02 3.582518066406250000e+03 1.415436859130859375e+02 1.313045043945312500e+02 1.405510620117187500e+03 3.447278442382812500e+02 2.764039306640625000e+02 3.308690185546875000e+02 5.533837280273437500e+02 1.045352096557617188e+02 2.398596954345703125e+02 3.856228332519531250e+02
8.662338256835937500e+01 4.820924377441406250e+02 4.691438293457031250e+01 1.297305145263671875e+02 1.333969726562500000e+02 3.593203369140625000e+03 1.433780975341796875e+02 1.321472167968750000e+02 1.372688354492187500e+03 3.406285705566406250e+02 2.748255310058593750e+02 3.321267700195312500e+02 5.572864990234375000e+02 1.042861175537109375e+02 2.289047088623046875e+02 3.955108642578125000e+02
