1.037179565429687500e+02 4.621945495605468750e+02 8.267416381835937500e+01 1.138635253906250000e+02 1.405556945800781250e+02 3.338854980468750000e+03 1.623351745605468750e+02 1.627304229736328125e+02 1.639328613281250000e+03 3.340641174316406250e+02 2.695676269531250000e+02 3.676512451171875000e+02 5.759295043945312500e+02 1.285379333496093750e+02 2.779506225585937500e+02 3.380614624023437500e+02
9.913536071777343750e+01 4.656931152343750000e+02 8.091661071777343750e+01 1.154783172607421875e+02 1.431971435546875000e+02 3.432463134765625000e+03 1.597776947021484375e+02 1.617996826171875000e+02 1.610974975585937500e+03 3.278864440917968750e+02 2.750373535156250000e+02 3.725286865234375000e+02 5.792521972656250000e+02 1.204856567382812500e+02 2.884034118652343750e+02 3.441523742675781250e+02
9.344320678710937500e+01 4.692171936035156250e+02 7.811336517333984375e+01 1.163432464599609375e+02 1.453474578857421875e+02 3.454548828125000000e+03 1.593766479492187500e+02 1.617205200195312500e+02 1.666932495117187500e+03 3.251676940917968750e+02 2.747858886718750000e+02 3.740662231445312500e+02 5.692803955078125000e+02 1.136303787231445312e+02 2.916755676269531250e+02 3.457204895019531250e+02
1.015628585815429688e+02 4.739454345703125000e+02 7.338153839111328125e+01 1.163718719482421875e+02 1.469372711181640625e+02 3.411846679687500000e+03 1.568950805664062500e+02 1.579345703125000000e+02 1.665835449218750000e+03 3.266048278808593750e+02 2.718232421875000000e+02 3.745412597656250000e+02 5.837341308593750000e+02 1.165912170410156250e+02 2.911280517578125000e+02 3.419901123046875000e+02
1.002636947631835938e+02 4.888303833007812500e+02 7.226158142089843750e+01 1.170986175537109375e+02 1.484007263183593750e+02 3.478516601562500000e+03 1.570205078125000000e+02 1.595154571533203125e+02 1.632875122070312500e+03 3.440120544433593750e+02 2.833472900390625000e+02 3.764296875000000000e+02 5.758847045898437500e+02 1.170133132934570312e+02 2.916912841796875000e+02 3.438659362792968750e+02
9.392258453369140625e+01 4.927996826171875000e+02 6.968138122558593750e+01 1.188958587646484375e+02 1.490505065917968750e+02 3.424301757812500000e+03 1.551751098632812500e+02 1.661648712158203125e+02 1.618946899414062500e+03 3.506645507812500000e+02 2.912669677734375000e+02 3.762485961914062500e+02 5.685305175781250000e+02 1.168667297363281250e+02 2.815778503417968750e+02 3.512380065917968750e+02
9.002531433105468750e+01 5.129393310546875000e+02 6.525752258300781250e+01 1.191692962646484375e+02 1.495807495117187500e+02 3.303149414062500000e+03 1.661978454589843750e+02 1.690845184326171875e+02 1.594541870117187500e+03 3.662213745117187500e+02 3.049116821289062500e+02 3.764232788085937500e+02 5.744541625976562500e+02 1.150374298095703125e+02 2.806520996093750000e+02 3.530703735351562500e+02
8.927517700195312500e+01 5.201913452148437500e+02 6.612316894531250000e+01 1.192345123291015625e+02 1.508969421386718750e+02 3.179649414062500000e+03 1.634185791015625000e+02 1.722532653808593750e+02 1.577892822265625000e+03 3.625855407714843750e+02 3.176563110351562500e+02 3.770205993652343750e+02 5.856676025390625000e+02 1.140822982788085938e+02 2.633431091308593750e+02 3.511528930664062500e+02
8.545052337646484375e+01 5.122780151367187500e+02 5.983019638061523438e+01 1.156199188232421875e+02 1.505801086425781250e+02 3.062889160156250000e+03 1.636328277587890625e+02 1.648395385742187500e+02 1.553048828125000000e+03 3.517324829101562500e+02 3.162815856933593750e+02 3.751660156250000000e+02 5.839996337890625000e+02 1.121322937011718750e+02 2.559717254638671875e+02 3.501825561523437500e+02
8.639379882812500000e+01 5.002657775878906250e+02 5.167772674560546875e+01 1.108362121582031250e+02 1.501845855712890625e+02 3.038230468750000000e+03 1.586596984863281250e+02 1.639618377685546875e+02 1.499162353515625000e+03 3.418326721191406250e+02 3.144684448242187500e+02 3.753750000000000000e+02 5.663782958984375000e+02 1.096563949584960938e+02 2.484869995117187500e+02 3.420765686035156250e+02
7.985670471191406250e+01 4.850505981445312500e+02 4.896685028076171875e+01 9.975177001953125000e+01 1.501168518066406250e+02 3.013815429687500000e+03 1.512588958740234375e+02 1.561650543212890625e+02 1.413269897460937500e+03 3.312260437011718750e+02 3.030008850097656250e+02 3.738726196289062500e+02 5.632636718750000000e+02 1.037184906005859375e+02 2.443712463378906250e+02 3.337750244140625000e+02
7.342846679687500000e+01 4.619437866210937500e+02 3.941406631469726562e+01 8.936492919921875000e+01 1.491333923339843750e+02 2.923409179687500000e+03 1.432369079589843750e+02 1.450691528320312500e+02 1.335106323242187500e+03 3.244718322753906250e+02 2.886053161621093750e+02 3.707109985351562500e+02 5.410938720703125000e+02 1.005996627807617188e+02 2.294174652099609375e+02 3.225671691894531250e+02
6.891479492187500000e+01 4.398701171875000000e+02 3.138531112670898438e+01 7.939739990234375000e+01 1.479444580078125000e+02 2.873894531250000000e+03 1.353083648681640625e+02 1.355524139404296875e+02 1.290739501953125000e+03 3.166879272460937500e+02 2.724282836914062500e+02 3.637958374023437500e+02 5.036135253906250000e+02 9.813771057128906250e+01 2.276154022216796875e+02 3.195814208984375000e+02
6.955628967285156250e+01 4.212618408203125000e+02 2.682574462890625000e+01 7.111721801757812500e+01 1.424965515136718750e+02 2.815149902343750000e+03 1.297424926757812500e+02 1.298284301757812500e+02 1.197674072265625000e+03 3.013267822265625000e+02 2.566925659179687500e+02 3.530935668945312500e+02 4.678713684082031250e+02 9.621084594726562500e+01 2.105434875488281250e+02 3.143299560546875000e+02
6.741427612304687500e+01 4.091607666015625000e+02 2.462171936035156250e+01 6.986384582519531250e+01 1.376433410644531250e+02 2.786327636718750000e+03 1.289609832763671875e+02 1.267446594238281250e+02 1.168670898437500000e+03 3.026289367675781250e+02 2.471543884277343750e+02 3.421367187500000000e+02 4.365208129882812500e+02 9.540837097167968750e+01 1.977999420166015625e+02 3.141776733398437500e+02
6.650006103515625000e+01 4.037635498046875000e+02 2.263587951660156250e+01 7.037284851074218750e+01 1.345864257812500000e+02 2.807257080078125000e+03 1.267971725463867188e+02 1.225113983154296875e+02 1.121029052734375000e+03 3.082560729980468750e+02 2.420851593017578125e+02 3.295942077636718750e+02 4.211261291503906250e+02 9.576234436035156250e+01 1.899307250976562500e+02 3.134702148437500000e+02
7.001452636718750000e+01 4.126772460937500000e+02 2.632375717163085938e+01 7.675349426269531250e+01 1.368826904296875000e+02 2.929090820312500000e+03 1.305166015625000000e+02 1.289205322265625000e+02 1.151533813476562500e+03 3.219968872070312500e+02 2.497604522705078125e+02 3.335037841796875000e+02 4.262171936035156250e+02 9.869280242919921875e+01 1.890617218017578125e+02 3.228103027343750000e+02
7.491293334960937500e+01 4.376386108398437500e+02 3.660617446899414062e+01 9.266763305664062500e+01 1.398400878906250000e+02 3.001979980468750000e+03 1.380912170410156250e+02 1.378082275390625000e+02 1.224766113281250000e+03 3.451903686523437500e+02 2.661962890625000000e+02 3.428194274902343750e+02 4.569652099609375000e+02 1.042503509521484375e+02 1.981871337890625000e+02 3.489757690429687500e+02
8.347637176513671875e+01 4.735964660644531250e+02 4.942059326171875000e+01 1.129387207031250000e+02 1.436236114501953125e+02 3.217984375000000000e+03 1.468352661132812500e+02 1.519538879394531250e+02 1.301958740234375000e+03 3.700452880859375000e+02 2.945900573730468750e+02 3.517748718261718750e+02 5.062619018554687500e+02 1.161676254272460938e+02 2.214627838134765625e+02 3.868568115234375000e+02
9.064995574951171875e+01 4.952353820800781250e+02 5.767473602294921875e+01 1.347984313964843750e+02 1.461292724609375000e+02 3.480736083984375000e+03 1.525720520019531250e+02 1.655816192626953125e+02 1.372959472656250000e+03 3.961878967285156250e+02 3.208870544433593750e+02 3.577279663085937500e+02 5.363499755859375000e+02 1.264682693481445312e+02 2.373751678466796875e+02 4.168615417480468750e+02
1.026649169921875000e+02 5.078968505859375000e+02 6.178354263305664062e+01 1.495945434570312500e+02 1.463815307617187500e+02 3.620251464843750000e+03 1.592698974609375000e+02 1.708256683349609375e+02 1.395180541992187500e+03 4.065343017578125000e+02 3.308205566406250000e+02 3.564147949218750000e+02 5.484906005859375000e+02 1.313902740478515625e+02 2.449176330566406250e+02 4.347071228027343750e+02
1.087374420166015625e+02 5.228866577148437500e+02 6.993389129638671875e+01 1.644713134765625000e+02 1.465590515136718750e+02 3.769613281250000000e+03 1.629118194580078125e+02 1.767135009765625000e+02 1.493999633789062500e+03 4.008338928222656250e+02 3.424092102050781250e+02 3.594845886230468750e+02 5.479967651367187500e+02 1.316336212158203125e+02 2.451861724853515625e+02 4.380168457031250000e+02
1.023077087402343750e+02 4.856378784179687500e+02 6.553330230712890625e+01 1.545032348632812500e+02 1.354754333496093750e+02 3.687527099609375000e+03 1.542775573730468750e+02 1.617876129150390625e+02 1.468545410156250000e+03 3.834995117187500000e+02 3.150373840332031250e+02 3.296509399414062500e+02 5.490587768554687500e+02 1.200025787353515625e+02 2.386753540039062500e+02 4.087017211914062500e+02
9.764633178710937500e+01 4.553420410156250000e+02 6.269689178466796875e+01 1.478766937255859375e+02 1.355269165039062500e+02 3.705536132812500000e+03 1.471079406738281250e+02 1.512520446777343750e+02 1.494519897460937500e+03 4.263937988281250000e+02 2.933447265625000000e+02 3.153836364746093750e+02 5.940019531250000000e+02 1.114262847900390625e+02 2.376927185058593750e+02 3.853973083496093750e+02
9.052036285400390625e+01 4.292349853515625000e+02 5.642917633056640625e+01 1.348399047851562500e+02 1.360438842773437500e+02 3.815187988281250000e+03 1.379827270507812500e+02 1.423575439453125000e+02 1.492967529296875000e+03 4.442189025878906250e+02 2.716315002441406250e+02 3.231699829101562500e+02 6.202487792968750000e+02 1.048989410400390625e+02 2.404153289794921875e+02 3.668713989257812500e+02
8.279997253417968750e+01 3.986936645507812500e+02 4.660543823242187500e+01 1.179497222900390625e+02 1.319362335205078125e+02 3.536083496093750000e+03 1.323817749023437500e+02 1.293540344238281250e+02 1.422928344726562500e+03 4.325343017578125000e+02 2.479867248535156250e+02 3.192767333984375000e+02 6.224743041992187500e+02 9.785150146484375000e+01 2.240525360107421875e+02 3.417036743164062500e+02
7.343682861328125000e+01 3.769223327636718750e+02 3.834215545654296875e+01 1.030865478515625000e+02 1.298574981689453125e+02 3.333216552734375000e+03 1.267858963012695312e+02 1.189171371459960938e+02 1.371470825195312500e+03 3.992132263183593750e+02 2.270119018554687500e+02 3.131652221679687500e+02 6.069973754882812500e+02 9.137525939941406250e+01 2.118022308349609375e+02 3.241000366210937500e+02
6.923183441162109375e+01 3.708167419433593750e+02 3.225637435913085938e+01 9.392658996582031250e+01 1.292698974609375000e+02 3.161434082031250000e+03 1.209053497314453125e+02 1.110212707519531250e+02 1.345474853515625000e+03 3.933972778320312500e+02 2.200075683593750000e+02 3.184493408203125000e+02 6.045805664062500000e+02 8.682456207275390625e+01 2.069532165527343750e+02 3.182931518554687500e+02
6.324958038330078125e+01 3.633717041015625000e+02 2.987473297119140625e+01 8.381106567382812500e+01 1.277532043457031250e+02 2.994289550781250000e+03 1.163471832275390625e+02 1.080979537963867188e+02 1.364987182617187500e+03 3.986681823730468750e+02 2.085779724121093750e+02 3.215269775390625000e+02 6.059503173828125000e+02 8.546327972412109375e+01 1.981070709228515625e+02 3.161943969726562500e+02
6.153847503662109375e+01 3.569322814941406250e+02 2.543596267700195312e+01 7.391416931152343750e+01 1.270767364501953125e+02 2.825329833984375000e+03 1.147134170532226562e+02 1.032662582397460938e+02 1.366676147460937500e+03 3.739862060546875000e+02 1.995206604003906250e+02 3.195610961914062500e+02 5.977550659179687500e+02 8.522943115234375000e+01 1.859845581054687500e+02 3.132950744628906250e+02
5.986955261230468750e+01 3.678509216308593750e+02 2.626710891723632812e+01 7.564395141601562500e+01 1.301574859619140625e+02 2.779238281250000000e+03 1.136261825561523438e+02 1.108702011108398438e+02 1.375277709960937500e+03 3.688215332031250000e+02 2.016380615234375000e+02 3.267534790039062500e+02 6.065239868164062500e+02 8.329724884033203125e+01 1.760775756835937500e+02 3.114622802734375000e+02
5.852770233154296875e+01 3.621480407714843750e+02 3.001848602294921875e+01 7.539013671875000000e+01 1.320380249023437500e+02 2.702983642578125000e+03 1.109596862792968750e+02 1.103155364990234375e+02 1.328041137695312500e+03 3.614782104492187500e+02 1.989755096435546875e+02 3.314374694824218750e+02 6.176278076171875000e+02 8.306089782714843750e+01 1.772965698242187500e+02 3.094255371093750000e+02
5.835398864746093750e+01 3.633927917480468750e+02 3.413171386718750000e+01 8.259754943847656250e+01 1.307921447753906250e+02 2.856008300781250000e+03 1.096671371459960938e+02 1.080327224731445312e+02 1.349569091796875000e+03 3.710737609863281250e+02 1.993450164794921875e+02 3.345080566406250000e+02 6.254127807617187500e+02 8.508923339843750000e+01 1.841207427978515625e+02 3.125302124023437500e+02
6.532124328613281250e+01 3.637048339843750000e+02 3.839450454711914062e+01 8.470783996582031250e+01 1.277887649536132812e+02 2.949787109375000000e+03 1.113757858276367188e+02 1.082509231567382812e+02 1.322348510742187500e+03 3.568674011230468750e+02 1.997480621337890625e+02 3.364605712890625000e+02 6.249826660156250000e+02 8.480086517333984375e+01 1.963377990722656250e+02 3.197361450195312500e+02
6.388549804687500000e+01 3.757851257324218750e+02 4.369755172729492188e+01 8.308569335937500000e+01 1.230796661376953125e+02 3.138914062500000000e+03 1.182719345092773438e+02 1.106991119384765625e+02 1.403355102539062500e+03 3.427625732421875000e+02 2.037218627929687500e+02 3.271981201171875000e+02 6.124127807617187500e+02 8.380676269531250000e+01 2.105871124267578125e+02 3.169501647949218750e+02
7.708877563476562500e+01 4.410821533203125000e+02 6.147277069091796875e+01 1.085764007568359375e+02 1.302293701171875000e+02 3.223960449218750000e+03 1.365526428222656250e+02 1.314580383300781250e+02 1.212005371093750000e+03 3.081403808593750000e+02 2.388897705078125000e+02 3.460592041015625000e+02 5.677143554687500000e+02 9.210876464843750000e+01 2.212633361816406250e+02 3.696102905273437500e+02
8.967530822753906250e+01 4.446737060546875000e+02 6.435150146484375000e+01 1.065562438964843750e+02 1.304228363037109375e+02 3.386458007812500000e+03 1.381979217529296875e+02 1.332908630371093750e+02 1.238789672851562500e+03 3.145724182128906250e+02 2.371604766845703125e+02 3.465031738281250000e+02 5.734138793945312500e+02 9.246377563476562500e+01 2.211723632812500000e+02 3.759147949218750000e+02
9.214134216308593750e+01 4.408156127929687500e+02 6.051569366455078125e+01 1.032811584472656250e+02 1.301348876953125000e+02 3.276208007812500000e+03 1.368944702148437500e+02 1.321100158691406250e+02 1.311126220703125000e+03 3.301011352539062500e+02 2.382677001953125000e+02 3.453828735351562500e+02 5.855217285156250000e+02 9.182887268066406250e+01 2.117575836181640625e+02 3.678183593750000000e+02
8.482872009277343750e+01 4.381826782226562500e+02 6.125106430053710938e+01 1.014564056396484375e+02 1.309553527832031250e+02 3.310246826171875000e+03 1.359762420654296875e+02 1.296937561035156250e+02 1.403479003906250000e+03 3.308954467773437500e+02 2.379817810058593750e+02 3.405787963867187500e+02 5.920983276367187500e+02 9.818249511718750000e+01 2.074868774414062500e+02 3.545101928710937500e+02
8.549004364013671875e+01 4.378789978027343750e+02 7.025906372070312500e+01 1.018943023681640625e+02 1.310950622558593750e+02 3.293486572265625000e+03 1.351895446777343750e+02 1.306654663085937500e+02 1.428795288085937500e+03 3.210050659179687500e+02 2.362069091796875000e+02 3.423854980468750000e+02 5.986813964843750000e+02 1.118348388671875000e+02 2.247248229980468750e+02 3.461965026855468750e+02
9.114671325683593750e+01 4.590783996582031250e+02 7.617885589599609375e+01 1.075579376220703125e+02 1.318247680664062500e+02 3.342739257812500000e+03 1.344706878662109375e+02 1.361914062500000000e+02 1.414922973632812500e+03 3.101756591796875000e+02 2.463968200683593750e+02 3.450939025878906250e+02 5.976009521484375000e+02 1.227027893066406250e+02 2.474072875976562500e+02 3.526130981445312500e+02
8.756213378906250000e+01 4.547931823730468750e+02 7.583803558349609375e+01 1.069600524902343750e+02 1.331375732421875000e+02 3.299186767578125000e+03 1.377561035156250000e+02 1.326075897216796875e+02 1.400694335937500000e+03 3.061832885742187500e+02 2.489654998779296875e+02 3.427163085937500000e+02 5.922207641601562500e+02 1.239643859863281250e+02 2.653847656250000000e+02 3.567572631835937500e+02
9.270520019531250000e+01 4.611274108886718750e+02 7.483946990966796875e+01 1.108578186035156250e+02 1.345725860595703125e+02 3.415545898437500000e+03 1.413912200927734375e+02 1.316358184814453125e+02 1.379831176757812500e+03 3.129318847656250000e+02 2.537791595458984375e+02 3.447729797363281250e+02 5.900861816406250000e+02 1.337351837158203125e+02 2.752933349609375000e+02 3.693324584960937500e+02
9.424792480468750000e+01 4.708466186523437500e+02 7.228613281250000000e+01 1.237633972167968750e+02 1.351068420410156250e+02 3.467631103515625000e+03 1.427599334716796875e+02 1.313015594482421875e+02 1.524793334960937500e+03 3.117626342773437500e+02 2.655476684570312500e+02 3.448865661621093750e+02 5.922293701171875000e+02 1.338755645751953125e+02 2.821682434082031250e+02 3.860840454101562500e+02
9.186568450927734375e+01 4.638758850097656250e+02 6.966298675537109375e+01 1.239498291015625000e+02 1.350566101074218750e+02 3.378556884765625000e+03 1.408403015136718750e+02 1.292366943359375000e+02 1.587367675781250000e+03 3.070031127929687500e+02 2.626895141601562500e+02 3.399253845214843750e+02 5.920989990234375000e+02 1.271582794189453125e+02 2.761628112792968750e+02 3.950493164062500000e+02
9.793655395507812500e+01 4.652827758789062500e+02 7.290007781982421875e+01 1.254247055053710938e+02 1.361461181640625000e+02 3.370322265625000000e+03 1.425931854248046875e+02 1.305916290283203125e+02 1.590676513671875000e+03 3.029586791992187500e+02 2.636192626953125000e+02 3.406458740234375000e+02 5.887982177734375000e+02 1.383385620117187500e+02 2.816776733398437500e+02 3.919074096679687500e+02
1.034204406738281250e+02 4.794978027343750000e+02 7.476063537597656250e+01 1.305678405761718750e+02 1.390282135009765625e+02 3.535143554687500000e+03 1.491998291015625000e+02 1.292626037597656250e+02 1.655352905273437500e+03 3.095613403320312500e+02 2.737721862792968750e+02 3.420435485839843750e+02 5.864301757812500000e+02 1.470024719238281250e+02 2.712355346679687500e+02 4.130721435546875000e+02
9.706477355957031250e+01 4.851975097656250000e+02 7.038439941406250000e+01 1.293719177246093750e+02 1.391187591552734375e+02 3.493294189453125000e+03 1.472630920410156250e+02 1.269008178710937500e+02 1.695773437500000000e+03 3.114163513183593750e+02 2.675508117675781250e+02 3.396705017089843750e+02 5.756146240234375000e+02 1.381978759765625000e+02 2.761845397949218750e+02 4.175189819335937500e+02
9.068357849121093750e+01 4.707194213867187500e+02 6.109696197509765625e+01 1.302578887939453125e+02 1.372710876464843750e+02 3.607708496093750000e+03 1.435314788818359375e+02 1.274020767211914062e+02 1.636654663085937500e+03 3.111595153808593750e+02 2.616052856445312500e+02 3.253425292968750000e+02 5.648884277343750000e+02 1.333160400390625000e+02 2.739428710937500000e+02 4.069215698242187500e+02
8.525056457519531250e+01 4.605628051757812500e+02 5.449770355224609375e+01 1.281865386962890625e+02 1.354719085693359375e+02 3.656408203125000000e+03 1.418608093261718750e+02 1.253315353393554688e+02 1.666093505859375000e+03 3.124786376953125000e+02 2.578002319335937500e+02 3.142452697753906250e+02 5.618020019531250000e+02 1.348108215332031250e+02 2.579428710937500000e+02 4.012645263671875000e+02
8.167837524414062500e+01 4.796398010253906250e+02 5.984206390380859375e+01 1.401456909179687500e+02 1.389647827148437500e+02 3.780227050781250000e+03 1.415364074707031250e+02 1.290528259277343750e+02 1.627115722656250000e+03 3.239212036132812500e+02 2.628586425781250000e+02 3.251524658203125000e+02 5.703495483398437500e+02 1.292110137939453125e+02 2.606980285644531250e+02 4.046047973632812500e+02
8.417530822753906250e+01 4.821206970214843750e+02 6.508291625976562500e+01 1.391221008300781250e+02 1.434680175781250000e+02 3.797249267578125000e+03 1.423797912597656250e+02 1.303008422851562500e+02 1.557908569335937500e+03 3.615719909667968750e+02 2.707929687500000000e+02 3.365765991210937500e+02 5.731225585937500000e+02 1.238506240844726562e+02 2.639648437500000000e+02 4.115093383789062500e+02
8.265505981445312500e+01 4.973823242187500000e+02 6.406324768066406250e+01 1.346032714843750000e+02 1.459240722656250000e+02 3.901010498046875000e+03 1.409716796875000000e+02 1.298124084472656250e+02 1.499344604492187500e+03 3.626944885253906250e+02 2.752621459960937500e+02 3.425327758789062500e+02 5.732054443359375000e+02 1.169259796142578125e+02 2.670944213867187500e+02 4.179942932128906250e+02
8.694016265869140625e+01 5.046528930664062500e+02 6.649569702148437500e+01 1.336057586669921875e+02 1.490674743652343750e+02 4.024725341796875000e+03 1.413342437744140625e+02 1.303671875000000000e+02 1.466703857421875000e+03 3.657703552246093750e+02 2.880485839843750000e+02 3.506670837402343750e+02 5.871118774414062500e+02 1.110873260498046875e+02 2.727415466308593750e+02 4.263906860351562500e+02
8.883400726318359375e+01 5.123023071289062500e+02 6.740473175048828125e+01 1.416411895751953125e+02 1.512395629882812500e+02 4.228294433593750000e+03 1.419198150634765625e+02 1.312151031494140625e+02 1.439226318359375000e+03 3.574961242675781250e+02 2.886837158203125000e+02 3.536276245117187500e+02 5.989110107421875000e+02 1.080145111083984375e+02 2.693105163574218750e+02 4.359539794921875000e+02
9.343568420410156250e+01 5.142740478515625000e+02 7.038259124755859375e+01 1.414718475341796875e+02 1.530510559082031250e+02 4.448156250000000000e+03 1.455166931152343750e+02 1.333970794677734375e+02 1.406961791992187500e+03 3.530025024414062500e+02 2.881695556640625000e+02 3.569839477539062500e+02 6.067371215820312500e+02 1.081220855712890625e+02 2.586921691894531250e+02 4.508596191406250000e+02
9.168043518066406250e+01 5.087722473144531250e+02 6.748448944091796875e+01 1.409105377197265625e+02 1.536810760498046875e+02 4.531750000000000000e+03 1.540384979248046875e+02 1.329859313964843750e+02 1.350225463867187500e+03 3.593538513183593750e+02 2.839574584960937500e+02 3.596765136718750000e+02 5.978666992187500000e+02 1.116564941406250000e+02 2.482918701171875000e+02 4.331867370605468750e+02
9.896023559570312500e+01 4.928065795898437500e+02 6.278359985351562500e+01 1.390639038085937500e+02 1.533565673828125000e+02 4.463158691406250000e+03 1.506886138916015625e+02 1.326336364746093750e+02 1.307750976562500000e+03 3.483777770996093750e+02 2.783214111328125000e+02 3.474301757812500000e+02 6.012152099609375000e+02 1.103597106933593750e+02 2.352005157470703125e+02 4.165991210937500000e+02
