9.262986755371093750e+01 4.629578247070312500e+02 5.435414123535156250e+01 1.235153350830078125e+02 1.250742492675781250e+02 3.366266601562500000e+03 1.553764648437500000e+02 1.528949432373046875e+02 1.499796508789062500e+03 3.356066894531250000e+02 2.732874755859375000e+02 3.441239318847656250e+02 5.745903320312500000e+02 1.168437957763671875e+02 2.432532043457031250e+02 3.394202270507812500e+02
9.078233337402343750e+01 4.626255493164062500e+02 5.149477386474609375e+01 1.226707916259765625e+02 1.257255096435546875e+02 3.401001708984375000e+03 1.540446777343750000e+02 1.521448211669921875e+02 1.473838134765625000e+03 3.320406494140625000e+02 2.741052856445312500e+02 3.455338134765625000e+02 5.714201049804687500e+02 1.127126159667968750e+02 2.514488830566406250e+02 3.405113830566406250e+02
8.769210052490234375e+01 4.608300781250000000e+02 4.747837829589843750e+01 1.216172027587890625e+02 1.263710021972656250e+02 3.392496582031250000e+03 1.529171447753906250e+02 1.506361846923828125e+02 1.503239501953125000e+03 3.291434936523437500e+02 2.718945312500000000e+02 3.455145263671875000e+02 5.626217651367187500e+02 1.091678924560546875e+02 2.572238769531250000e+02 3.392731323242187500e+02
8.993234252929687500e+01 4.590711059570312500e+02 4.304404830932617188e+01 1.204197692871093750e+02 1.269253463745117188e+02 3.332178955078125000e+03 1.508365325927734375e+02 1.474980010986328125e+02 1.489480468750000000e+03 3.278271484375000000e+02 2.685401306152343750e+02 3.452228698730468750e+02 5.707579956054687500e+02 1.088600997924804688e+02 2.590245056152343750e+02 3.361302185058593750e+02
8.827410125732421875e+01 4.614888305664062500e+02 4.055311584472656250e+01 1.193932189941406250e+02 1.275100479125976562e+02 3.333316406250000000e+03 1.497218933105468750e+02 1.467805480957031250e+02 1.453219726562500000e+03 3.327775268554687500e+02 2.709535217285156250e+02 3.459070434570312500e+02 5.702122192382812500e+02 1.079521484375000000e+02 2.619364013671875000e+02 3.354623107910156250e+02
8.488153076171875000e+01 4.607631835937500000e+02 3.760787200927734375e+01 1.191155700683593750e+02 1.277705154418945312e+02 3.257623779296875000e+03 1.482527923583984375e+02 1.482691040039062500e+02 1.430680786132812500e+03 3.344080810546875000e+02 2.723399047851562500e+02 3.458164672851562500e+02 5.645957641601562500e+02 1.075396804809570312e+02 2.556439666748046875e+02 3.370748291015625000e+02
8.272828674316406250e+01 4.666162109375000000e+02 3.504673004150390625e+01 1.176592559814453125e+02 1.280091857910156250e+02 3.130519531250000000e+03 1.522113952636718750e+02 1.485570526123046875e+02 1.401350585937500000e+03 3.388060607910156250e+02 2.761402893066406250e+02 3.458941345214843750e+02 5.644672851562500000e+02 1.062095184326171875e+02 2.547568664550781250e+02 3.366282653808593750e+02
8.099100494384765625e+01 4.628702087402343750e+02 3.483911132812500000e+01 1.129083404541015625e+02 1.285178222656250000e+02 3.051931884765625000e+03 1.491184387207031250e+02 1.480124053955078125e+02 1.375091552734375000e+03 3.315443420410156250e+02 2.761209106445312500e+02 3.459915771484375000e+02 5.670148315429687500e+02 1.044879760742187500e+02 2.379718017578125000e+02 3.322631835937500000e+02
7.746141052246093750e+01 4.513547973632812500e+02 3.127604293823242188e+01 1.078442535400390625e+02 1.275464935302734375e+02 3.009008300781250000e+03 1.465971069335937500e+02 1.421620635986328125e+02 1.348730712890625000e+03 3.230895690917968750e+02 2.693973388671875000e+02 3.438275756835937500e+02 5.556188354492187500e+02 1.021258392333984375e+02 2.268518981933593750e+02 3.276290893554687500e+02
7.597776794433593750e+01 4.398861389160156250e+02 2.674698638916015625e+01 1.024966888427734375e+02 1.259890747070312500e+02 2.981316894531250000e+03 1.424660034179687500e+02 1.390350952148437500e+02 1.284973632812500000e+03 3.149335327148437500e+02 2.636647949218750000e+02 3.413793945312500000e+02 5.395351562500000000e+02 9.968351745605468750e+01 2.144694671630859375e+02 3.209461975097656250e+02
7.055654907226562500e+01 4.229003295898437500e+02 2.310047531127929688e+01 9.149775695800781250e+01 1.241406860351562500e+02 2.982405273437500000e+03 1.363952636718750000e+02 1.320203552246093750e+02 1.210260742187500000e+03 3.045118408203125000e+02 2.511161041259765625e+02 3.377804870605468750e+02 5.239417114257812500e+02 9.525909423828125000e+01 2.003718261718750000e+02 3.118210754394531250e+02
6.700232696533203125e+01 4.084611206054687500e+02 1.743625259399414062e+01 8.512236022949218750e+01 1.213252639770507812e+02 2.952126953125000000e+03 1.319390411376953125e+02 1.255093536376953125e+02 1.179531982421875000e+03 3.007516784667968750e+02 2.418182678222656250e+02 3.320630187988281250e+02 4.971414489746093750e+02 9.335208892822265625e+01 1.830606536865234375e+02 3.044815673828125000e+02
6.628870391845703125e+01 4.042622070312500000e+02 1.539495849609375000e+01 8.348643493652343750e+01 1.181395111083984375e+02 2.956502441406250000e+03 1.300963745117187500e+02 1.233563156127929688e+02 1.176768188476562500e+03 3.005696105957031250e+02 2.389528503417968750e+02 3.266655883789062500e+02 4.901661376953125000e+02 9.332970428466796875e+01 1.826652069091796875e+02 3.056484985351562500e+02
6.865048980712890625e+01 4.049672546386718750e+02 1.602925491333007812e+01 8.390309143066406250e+01 1.173411178588867188e+02 2.952387695312500000e+03 1.300005798339843750e+02 1.241765823364257812e+02 1.169115478515625000e+03 2.983684692382812500e+02 2.386857604980468750e+02 3.248862304687500000e+02 4.840394287109375000e+02 9.414282226562500000e+01 1.771837005615234375e+02 3.079120483398437500e+02
6.871097564697265625e+01 4.058395996093750000e+02 1.720060348510742188e+01 8.549653625488281250e+01 1.197742156982421875e+02 2.956141113281250000e+03 1.313455963134765625e+02 1.251284179687500000e+02 1.174982177734375000e+03 3.025882568359375000e+02 2.395285034179687500e+02 3.266976318359375000e+02 4.885057983398437500e+02 9.483819580078125000e+01 1.770410003662109375e+02 3.111671142578125000e+02
7.100535583496093750e+01 4.180349121093750000e+02 2.077647781372070312e+01 9.125018310546875000e+01 1.220438156127929688e+02 2.962580078125000000e+03 1.339031066894531250e+02 1.281593933105468750e+02 1.184873168945312500e+03 3.129271545410156250e+02 2.485152740478515625e+02 3.280549316406250000e+02 5.070117797851562500e+02 9.770631408691406250e+01 1.812200317382812500e+02 3.182496337890625000e+02
7.740684509277343750e+01 4.416840820312500000e+02 2.770957183837890625e+01 1.048723449707031250e+02 1.239615478515625000e+02 3.037740966796875000e+03 1.413562316894531250e+02 1.386963195800781250e+02 1.236025634765625000e+03 3.317734375000000000e+02 2.664373168945312500e+02 3.325823364257812500e+02 5.179385375976562500e+02 1.032096710205078125e+02 1.876199340820312500e+02 3.340907897949218750e+02
8.062876129150390625e+01 4.565908508300781250e+02 3.280169677734375000e+01 1.158475799560546875e+02 1.245903244018554688e+02 3.107344238281250000e+03 1.460988006591796875e+02 1.438826141357421875e+02 1.278597534179687500e+03 3.451442871093750000e+02 2.755862426757812500e+02 3.333404541015625000e+02 5.242752075195312500e+02 1.064868392944335938e+02 1.924028472900390625e+02 3.488169860839843750e+02
8.299055480957031250e+01 4.654828491210937500e+02 3.618539810180664062e+01 1.221391754150390625e+02 1.252320556640625000e+02 3.217423828125000000e+03 1.479535369873046875e+02 1.476561279296875000e+02 1.292962646484375000e+03 3.510114746093750000e+02 2.828524169921875000e+02 3.331769409179687500e+02 5.348673706054687500e+02 1.104513244628906250e+02 2.006340484619140625e+02 3.617869262695312500e+02
8.422474670410156250e+01 4.666223754882812500e+02 3.755663681030273438e+01 1.277575607299804688e+02 1.255510025024414062e+02 3.315819824218750000e+03 1.479629211425781250e+02 1.509973907470703125e+02 1.308516357421875000e+03 3.574329833984375000e+02 2.891842041015625000e+02 3.332283020019531250e+02 5.353554077148437500e+02 1.133888244628906250e+02 2.058701782226562500e+02 3.706307373046875000e+02
8.844017028808593750e+01 4.656619567871093750e+02 3.748735427856445312e+01 1.308636627197265625e+02 1.250050506591796875e+02 3.364216552734375000e+03 1.494692687988281250e+02 1.506790161132812500e+02 1.297598144531250000e+03 3.570047302246093750e+02 2.883878479003906250e+02 3.295833740234375000e+02 5.244685668945312500e+02 1.140467529296875000e+02 2.055040435791015625e+02 3.744456787109375000e+02
8.982015991210937500e+01 4.686245727539062500e+02 3.992668151855468750e+01 1.352481079101562500e+02 1.245297927856445312e+02 3.402204345703125000e+03 1.498886566162109375e+02 1.516406250000000000e+02 1.337374023437500000e+03 3.494314880371093750e+02 2.904027099609375000e+02 3.292134094238281250e+02 5.059143066406250000e+02 1.127174301147460938e+02 2.022967681884765625e+02 3.717509460449218750e+02
9.656486511230468750e+01 4.701347656250000000e+02 5.278078460693359375e+01 1.530004882812500000e+02 1.318888244628906250e+02 3.397476074218750000e+03 1.522677001953125000e+02 1.536699829101562500e+02 1.394491088867187500e+03 3.566737060546875000e+02 2.981276855468750000e+02 3.298206481933593750e+02 5.559119873046875000e+02 1.098030853271484375e+02 2.124737091064453125e+02 3.759144897460937500e+02
8.270816040039062500e+01 4.203418579101562500e+02 3.890287017822265625e+01 1.211450195312500000e+02 1.209493865966796875e+02 3.181261230468750000e+03 1.377458953857421875e+02 1.345504150390625000e+02 1.324888916015625000e+03 3.494286193847656250e+02 2.590264892578125000e+02 2.984317016601562500e+02 5.341733398437500000e+02 9.900996398925781250e+01 1.952335510253906250e+02 3.406542968750000000e+02
7.552546691894531250e+01 4.002373046875000000e+02 3.224917221069335938e+01 1.067689056396484375e+02 1.153021316528320312e+02 3.104653808593750000e+03 1.301275482177734375e+02 1.275250091552734375e+02 1.289895751953125000e+03 3.501685180664062500e+02 2.419416198730468750e+02 2.905847778320312500e+02 5.306986083984375000e+02 9.490710449218750000e+01 1.909473266601562500e+02 3.267493896484375000e+02
7.197698974609375000e+01 3.883566284179687500e+02 2.780979919433593750e+01 9.935232543945312500e+01 1.108637695312500000e+02 2.973566162109375000e+03 1.286330718994140625e+02 1.221733169555664062e+02 1.254252929687500000e+03 3.488450927734375000e+02 2.326872711181640625e+02 2.845897521972656250e+02 5.301845703125000000e+02 9.273997497558593750e+01 1.843312072753906250e+02 3.171536254882812500e+02
6.872698974609375000e+01 3.862819519042968750e+02 2.637708282470703125e+01 9.672933959960937500e+01 1.089882583618164062e+02 2.896558593750000000e+03 1.284714355468750000e+02 1.199979476928710938e+02 1.249038696289062500e+03 3.401485595703125000e+02 2.277668304443359375e+02 2.813070983886718750e+02 5.239729003906250000e+02 9.141757965087890625e+01 1.810821228027343750e+02 3.149041137695312500e+02
6.917971801757812500e+01 3.969438171386718750e+02 2.687272644042968750e+01 9.916438293457031250e+01 1.088030548095703125e+02 2.871262939453125000e+03 1.281579589843750000e+02 1.194884796142578125e+02 1.262789794921875000e+03 3.498278808593750000e+02 2.338849945068359375e+02 2.861101989746093750e+02 5.287113037109375000e+02 9.119335937500000000e+01 1.841731567382812500e+02 3.215195922851562500e+02
6.860108947753906250e+01 4.081473999023437500e+02 3.043380737304687500e+01 1.017978515625000000e+02 1.088686981201171875e+02 2.875003173828125000e+03 1.289593505859375000e+02 1.232226486206054688e+02 1.306965087890625000e+03 3.683688354492187500e+02 2.372220153808593750e+02 2.920312194824218750e+02 5.344420166015625000e+02 9.369342041015625000e+01 1.854655151367187500e+02 3.310190429687500000e+02
7.075529479980468750e+01 4.173057556152343750e+02 3.198787307739257812e+01 1.028483734130859375e+02 1.088739166259765625e+02 2.893421630859375000e+03 1.315498657226562500e+02 1.246623229980468750e+02 1.338885131835937500e+03 3.653622436523437500e+02 2.403290100097656250e+02 2.921951904296875000e+02 5.314566040039062500e+02 9.661040496826171875e+01 1.835424804687500000e+02 3.387537536621093750e+02
7.139762878417968750e+01 4.323285217285156250e+02 3.529440307617187500e+01 1.084638824462890625e+02 1.102849731445312500e+02 2.937799804687500000e+03 1.327821960449218750e+02 1.328378295898437500e+02 1.367235473632812500e+03 3.690899047851562500e+02 2.469442291259765625e+02 2.973833312988281250e+02 5.358084106445312500e+02 9.663955688476562500e+01 1.796436157226562500e+02 3.425319824218750000e+02
7.187252044677734375e+01 4.332618408203125000e+02 4.016244506835937500e+01 1.116621246337890625e+02 1.107554016113281250e+02 2.951133544921875000e+03 1.321657104492187500e+02 1.347064208984375000e+02 1.358390380859375000e+03 3.706622314453125000e+02 2.487454681396484375e+02 3.006323242187500000e+02 5.382733154296875000e+02 9.759512329101562500e+01 1.806817321777343750e+02 3.442220153808593750e+02
7.247026062011718750e+01 4.352691040039062500e+02 4.477697372436523438e+01 1.177660522460937500e+02 1.098651351928710938e+02 3.061571533203125000e+03 1.317359466552734375e+02 1.338419799804687500e+02 1.374089477539062500e+03 3.779402160644531250e+02 2.502206878662109375e+02 3.027990417480468750e+02 5.418967895507812500e+02 9.935153198242187500e+01 1.845620269775390625e+02 3.464898986816406250e+02
7.740251159667968750e+01 4.364350585937500000e+02 4.959446716308593750e+01 1.202751617431640625e+02 1.083429031372070312e+02 3.132585937500000000e+03 1.334945678710937500e+02 1.344126586914062500e+02 1.370321166992187500e+03 3.744440917968750000e+02 2.513764190673828125e+02 3.065417175292968750e+02 5.434692382812500000e+02 9.956816101074218750e+01 1.936087341308593750e+02 3.511213378906250000e+02
7.670416259765625000e+01 4.412280578613281250e+02 5.024528503417968750e+01 1.183975677490234375e+02 1.077622146606445312e+02 3.299907714843750000e+03 1.377650451660156250e+02 1.350237579345703125e+02 1.407048583984375000e+03 3.702288208007812500e+02 2.521999816894531250e+02 3.026187744140625000e+02 5.432011108398437500e+02 9.860636901855468750e+01 2.023798217773437500e+02 3.472742309570312500e+02
8.177034759521484375e+01 4.626757812500000000e+02 5.850697326660156250e+01 1.278133926391601562e+02 1.091921234130859375e+02 3.534274169921875000e+03 1.439961090087890625e+02 1.416681213378906250e+02 1.321961425781250000e+03 3.538995666503906250e+02 2.635488281250000000e+02 3.141539916992187500e+02 5.281055908203125000e+02 1.004889526367187500e+02 2.164946289062500000e+02 3.724201660156250000e+02
8.784936523437500000e+01 4.649526062011718750e+02 6.041541290283203125e+01 1.262625579833984375e+02 1.103346557617187500e+02 3.653680908203125000e+03 1.450759277343750000e+02 1.423853759765625000e+02 1.329067260742187500e+03 3.515018310546875000e+02 2.625299072265625000e+02 3.170399169921875000e+02 5.307720947265625000e+02 1.006528930664062500e+02 2.161925201416015625e+02 3.773776245117187500e+02
8.844311523437500000e+01 4.609785766601562500e+02 5.703112030029296875e+01 1.229147796630859375e+02 1.104012756347656250e+02 3.557875488281250000e+03 1.444800720214843750e+02 1.409339904785156250e+02 1.355064208984375000e+03 3.543250427246093750e+02 2.614432983398437500e+02 3.162611694335937500e+02 5.374582519531250000e+02 9.978680419921875000e+01 2.090831909179687500e+02 3.697556762695312500e+02
8.473937988281250000e+01 4.591241455078125000e+02 5.644791030883789062e+01 1.207062988281250000e+02 1.115077667236328125e+02 3.536414062500000000e+03 1.436200103759765625e+02 1.394247894287109375e+02 1.400588256835937500e+03 3.511907043457031250e+02 2.603477783203125000e+02 3.144507141113281250e+02 5.420784301757812500e+02 1.024709472656250000e+02 2.058622894287109375e+02 3.620147705078125000e+02
8.482093811035156250e+01 4.574872436523437500e+02 6.054324722290039062e+01 1.197987365722656250e+02 1.123660736083984375e+02 3.509743896484375000e+03 1.429270324707031250e+02 1.394422912597656250e+02 1.407643432617187500e+03 3.462008056640625000e+02 2.587646179199218750e+02 3.170361938476562500e+02 5.477213134765625000e+02 1.092821044921875000e+02 2.156942749023437500e+02 3.551138916015625000e+02
8.696205139160156250e+01 4.640640869140625000e+02 6.277234268188476562e+01 1.212511138916015625e+02 1.135580978393554688e+02 3.536571533203125000e+03 1.424034118652343750e+02 1.416692810058593750e+02 1.396253051757812500e+03 3.347365722656250000e+02 2.617984008789062500e+02 3.189451293945312500e+02 5.485317382812500000e+02 1.143861160278320312e+02 2.287873077392578125e+02 3.534977416992187500e+02
8.562935638427734375e+01 4.608421630859375000e+02 6.016167831420898438e+01 1.206226348876953125e+02 1.155935058593750000e+02 3.502508300781250000e+03 1.437305603027343750e+02 1.396896057128906250e+02 1.381822265625000000e+03 3.265508422851562500e+02 2.627322998046875000e+02 3.179450073242187500e+02 5.466339111328125000e+02 1.141233291625976562e+02 2.423571319580078125e+02 3.519848937988281250e+02
8.763652038574218750e+01 4.624817504882812500e+02 5.819879913330078125e+01 1.221776885986328125e+02 1.174959106445312500e+02 3.533444824218750000e+03 1.452668609619140625e+02 1.390526733398437500e+02 1.370545410156250000e+03 3.290285339355468750e+02 2.646685791015625000e+02 3.210342407226562500e+02 5.481805419921875000e+02 1.189243164062500000e+02 2.532940216064453125e+02 3.556169128417968750e+02
8.834640502929687500e+01 4.652178955078125000e+02 5.471026229858398438e+01 1.270807189941406250e+02 1.176202545166015625e+02 3.528825683593750000e+03 1.459868774414062500e+02 1.382175292968750000e+02 1.467616333007812500e+03 3.268467712402343750e+02 2.691882629394531250e+02 3.211782226562500000e+02 5.518885498046875000e+02 1.184166030883789062e+02 2.629539184570312500e+02 3.621443481445312500e+02
8.754693603515625000e+01 4.625592651367187500e+02 5.092297363281250000e+01 1.272899475097656250e+02 1.179062576293945312e+02 3.492829589843750000e+03 1.453836822509765625e+02 1.371072387695312500e+02 1.515808593750000000e+03 3.237514648437500000e+02 2.682963867187500000e+02 3.194800415039062500e+02 5.539053955078125000e+02 1.152525787353515625e+02 2.586695251464843750e+02 3.645247497558593750e+02
9.020832824707031250e+01 4.627162170410156250e+02 5.130845642089843750e+01 1.276488571166992188e+02 1.195801239013671875e+02 3.472744140625000000e+03 1.462350006103515625e+02 1.376019592285156250e+02 1.517922973632812500e+03 3.204037780761718750e+02 2.686458129882812500e+02 3.213634643554687500e+02 5.543973388671875000e+02 1.217405853271484375e+02 2.637891235351562500e+02 3.617344970703125000e+02
9.198921203613281250e+01 4.683266296386718750e+02 5.098954772949218750e+01 1.298015441894531250e+02 1.227279357910156250e+02 3.545155273437500000e+03 1.489113159179687500e+02 1.371329345703125000e+02 1.569467651367187500e+03 3.233779907226562500e+02 2.728090209960937500e+02 3.243670349121093750e+02 5.574753417968750000e+02 1.269601058959960938e+02 2.545057678222656250e+02 3.715455932617187500e+02
8.964649963378906250e+01 4.704895019531250000e+02 4.677123641967773438e+01 1.297735290527343750e+02 1.236761398315429688e+02 3.542883789062500000e+03 1.482473754882812500e+02 1.361141357421875000e+02 1.603001708984375000e+03 3.247738952636718750e+02 2.708797302246093750e+02 3.263745727539062500e+02 5.555779418945312500e+02 1.227401885986328125e+02 2.561553649902343750e+02 3.724627075195312500e+02
8.692718505859375000e+01 4.656073303222656250e+02 4.149247741699218750e+01 1.306253662109375000e+02 1.234292526245117188e+02 3.569880615234375000e+03 1.468589172363281250e+02 1.365486145019531250e+02 1.567719238281250000e+03 3.252745361328125000e+02 2.690158081054687500e+02 3.194103393554687500e+02 5.539262695312500000e+02 1.203593292236328125e+02 2.532897338867187500e+02 3.670067138671875000e+02
8.433042144775390625e+01 4.621531372070312500e+02 3.823917388916015625e+01 1.304140319824218750e+02 1.231613006591796875e+02 3.560687744140625000e+03 1.463341979980468750e+02 1.358467712402343750e+02 1.574183593750000000e+03 3.258032531738281250e+02 2.679988403320312500e+02 3.149913940429687500e+02 5.560157470703125000e+02 1.209097213745117188e+02 2.432105102539062500e+02 3.640889587402343750e+02
8.276414489746093750e+01 4.697917785644531250e+02 4.105999755859375000e+01 1.353972167968750000e+02 1.253390731811523438e+02 3.629985595703125000e+03 1.463734130859375000e+02 1.377037200927734375e+02 1.532877807617187500e+03 3.303169555664062500e+02 2.703130493164062500e+02 3.225399169921875000e+02 5.607348632812500000e+02 1.190747146606445312e+02 2.450989532470703125e+02 3.652380676269531250e+02
8.380609130859375000e+01 4.710422973632812500e+02 4.364644622802734375e+01 1.353332519531250000e+02 1.271640548706054688e+02 3.669564453125000000e+03 1.467308654785156250e+02 1.384634399414062500e+02 1.479789428710937500e+03 3.515182189941406250e+02 2.735648803710937500e+02 3.306184082031250000e+02 5.611369628906250000e+02 1.161448059082031250e+02 2.463149414062500000e+02 3.681565246582031250e+02
8.306951904296875000e+01 4.767917480468750000e+02 4.218329620361328125e+01 1.334456481933593750e+02 1.275873565673828125e+02 3.692979003906250000e+03 1.459079895019531250e+02 1.377811737060546875e+02 1.440457031250000000e+03 3.526051025390625000e+02 2.752637939453125000e+02 3.324062805175781250e+02 5.592487182617187500e+02 1.119867248535156250e+02 2.451060638427734375e+02 3.707420349121093750e+02
8.420178222656250000e+01 4.778591918945312500e+02 4.270999908447265625e+01 1.320018463134765625e+02 1.285080871582031250e+02 3.697812988281250000e+03 1.454743194580078125e+02 1.370002288818359375e+02 1.417895751953125000e+03 3.534731445312500000e+02 2.785893554687500000e+02 3.340790710449218750e+02 5.660171508789062500e+02 1.087355041503906250e+02 2.456443176269531250e+02 3.740636901855468750e+02
8.432031250000000000e+01 4.775361328125000000e+02 4.203116989135742188e+01 1.330298156738281250e+02 1.291529541015625000e+02 3.723641601562500000e+03 1.449748382568359375e+02 1.367723999023437500e+02 1.399901000976562500e+03 3.478470764160156250e+02 2.767595214843750000e+02 3.356682128906250000e+02 5.737254028320312500e+02 1.069568634033203125e+02 2.388766479492187500e+02 3.771344909667968750e+02
