9.183570861816406250e+01 4.454536743164062500e+02 6.702965545654296875e+01 1.058124694824218750e+02 1.365045776367187500e+02 3.322417480468750000e+03 1.539583587646484375e+02 1.514030151367187500e+02 1.528816162109375000e+03 3.237768554687500000e+02 2.586278076171875000e+02 3.629671020507812500e+02 5.447963256835937500e+02 1.215082855224609375e+02 2.565415649414062500e+02 3.282639770507812500e+02
8.895152282714843750e+01 4.433811035156250000e+02 6.361748886108398438e+01 1.047027893066406250e+02 1.371202392578125000e+02 3.315915771484375000e+03 1.509267272949218750e+02 1.493819274902343750e+02 1.501865356445312500e+03 3.160373535156250000e+02 2.592786560058593750e+02 3.648774108886718750e+02 5.375989990234375000e+02 1.138276901245117188e+02 2.651430358886718750e+02 3.297690429687500000e+02
8.413363647460937500e+01 4.418975524902343750e+02 5.718518066406250000e+01 1.034953308105468750e+02 1.377121887207031250e+02 3.281019775390625000e+03 1.493000488281250000e+02 1.473576354980468750e+02 1.531932373046875000e+03 3.115288696289062500e+02 2.566066284179687500e+02 3.630424804687500000e+02 5.144875488281250000e+02 1.073527908325195312e+02 2.664548645019531250e+02 3.287304077148437500e+02
8.763500976562500000e+01 4.398153076171875000e+02 4.972289657592773438e+01 1.015104980468750000e+02 1.380922546386718750e+02 3.222890380859375000e+03 1.462502593994140625e+02 1.426515350341796875e+02 1.514074340820312500e+03 3.098393554687500000e+02 2.512112884521484375e+02 3.603047485351562500e+02 5.324155883789062500e+02 1.066048583984375000e+02 2.637677001953125000e+02 3.236175842285156250e+02
8.576913452148437500e+01 4.435776672363281250e+02 4.667199707031250000e+01 9.947247314453125000e+01 1.385796356201171875e+02 3.240728027343750000e+03 1.442474365234375000e+02 1.413380126953125000e+02 1.475444580078125000e+03 3.168768005371093750e+02 2.544252319335937500e+02 3.605422363281250000e+02 5.152471923828125000e+02 1.054653472900390625e+02 2.636922607421875000e+02 3.218620300292968750e+02
8.016249084472656250e+01 4.414157409667968750e+02 4.194130706787109375e+01 9.775369262695312500e+01 1.381586914062500000e+02 3.219711914062500000e+03 1.415207672119140625e+02 1.434342956542968750e+02 1.450707275390625000e+03 3.193334655761718750e+02 2.559482574462890625e+02 3.579010009765625000e+02 5.040685119628906250e+02 1.046955871582031250e+02 2.537619476318359375e+02 3.235347290039062500e+02
7.607904052734375000e+01 4.472154541015625000e+02 3.706824111938476562e+01 9.413345336914062500e+01 1.377954711914062500e+02 3.157720703125000000e+03 1.462925109863281250e+02 1.432310791015625000e+02 1.420549072265625000e+03 3.252566528320312500e+02 2.597603759765625000e+02 3.561853027343750000e+02 5.145984497070312500e+02 1.019436874389648438e+02 2.516109619140625000e+02 3.215332946777343750e+02
7.390440368652343750e+01 4.446708984375000000e+02 3.683340454101562500e+01 9.075138854980468750e+01 1.384045867919921875e+02 3.090721679687500000e+03 1.426101379394531250e+02 1.426710357666015625e+02 1.400955688476562500e+03 3.193842773437500000e+02 2.626578369140625000e+02 3.552959899902343750e+02 5.309152832031250000e+02 9.982104492187500000e+01 2.342708282470703125e+02 3.165398559570312500e+02
7.038382720947265625e+01 4.345485229492187500e+02 3.194827270507812500e+01 8.655824279785156250e+01 1.371570434570312500e+02 3.003220214843750000e+03 1.408854217529296875e+02 1.359589843750000000e+02 1.372636230468750000e+03 3.103789062500000000e+02 2.585341796875000000e+02 3.507537231445312500e+02 5.272830810546875000e+02 9.764985656738281250e+01 2.248716430664062500e+02 3.131960144042968750e+02
7.052085876464843750e+01 4.248329772949218750e+02 2.721752548217773438e+01 8.367443847656250000e+01 1.359413909912109375e+02 2.965103515625000000e+03 1.373265991210937500e+02 1.343168182373046875e+02 1.323262207031250000e+03 3.045485229492187500e+02 2.561083068847656250e+02 3.506304931640625000e+02 5.042156677246093750e+02 9.593923950195312500e+01 2.149834289550781250e+02 3.074500732421875000e+02
6.642350769042968750e+01 4.145128173828125000e+02 2.601427841186523438e+01 7.525480651855468750e+01 1.358659667968750000e+02 2.939383056640625000e+03 1.323615417480468750e+02 1.294372253417968750e+02 1.262524902343750000e+03 2.964229125976562500e+02 2.484900054931640625e+02 3.474958496093750000e+02 5.026437988281250000e+02 9.194148254394531250e+01 2.099044952392578125e+02 3.017987365722656250e+02
6.101854705810546875e+01 3.939140930175781250e+02 1.875621032714843750e+01 6.500801086425781250e+01 1.338651275634765625e+02 2.859902587890625000e+03 1.256434707641601562e+02 1.202354431152343750e+02 1.186580566406250000e+03 2.887446899414062500e+02 2.340106506347656250e+02 3.418181457519531250e+02 4.811090087890625000e+02 8.871086120605468750e+01 1.980549926757812500e+02 2.915159606933593750e+02
5.802027130126953125e+01 3.776332092285156250e+02 1.204714584350585938e+01 5.874845886230468750e+01 1.327415008544921875e+02 2.827362304687500000e+03 1.202958526611328125e+02 1.133328552246093750e+02 1.140440063476562500e+03 2.824007873535156250e+02 2.215744781494140625e+02 3.348004760742187500e+02 4.395609130859375000e+02 8.702100372314453125e+01 1.956859130859375000e+02 2.884762573242187500e+02
5.928144836425781250e+01 3.709262084960937500e+02 9.813236236572265625e+00 5.642385864257812500e+01 1.285315551757812500e+02 2.803175292968750000e+03 1.183065185546875000e+02 1.115516891479492188e+02 1.103221191406250000e+03 2.753453979492187500e+02 2.152617950439453125e+02 3.246431884765625000e+02 3.998905334472656250e+02 8.678901672363281250e+01 1.808772888183593750e+02 2.879614868164062500e+02
5.836987304687500000e+01 3.658012084960937500e+02 9.040302276611328125e+00 5.627130126953125000e+01 1.267011337280273438e+02 2.784305664062500000e+03 1.186685409545898438e+02 1.106241760253906250e+02 1.092603515625000000e+03 2.780963745117187500e+02 2.115201873779296875e+02 3.114522705078125000e+02 3.659013366699218750e+02 8.674073791503906250e+01 1.733383483886718750e+02 2.890201721191406250e+02
5.916123962402343750e+01 3.706154174804687500e+02 1.008168411254882812e+01 5.973799133300781250e+01 1.255216217041015625e+02 2.784347656250000000e+03 1.191275939941406250e+02 1.105611114501953125e+02 1.080776245117187500e+03 2.850776367187500000e+02 2.148230895996093750e+02 3.016622009277343750e+02 3.550250549316406250e+02 8.833343505859375000e+01 1.707879333496093750e+02 2.926358032226562500e+02
6.496837615966796875e+01 3.908046569824218750e+02 1.596906661987304688e+01 7.216387939453125000e+01 1.286529235839843750e+02 2.822338378906250000e+03 1.256968002319335938e+02 1.199916534423828125e+02 1.116891845703125000e+03 3.019169311523437500e+02 2.301751403808593750e+02 3.151823120117187500e+02 3.745099182128906250e+02 9.308831787109375000e+01 1.742961578369140625e+02 3.064033508300781250e+02
6.885732269287109375e+01 4.112392578125000000e+02 2.295567703247070312e+01 8.507363891601562500e+01 1.296334838867187500e+02 2.847007812500000000e+03 1.318603668212890625e+02 1.271533889770507812e+02 1.170408081054687500e+03 3.177109375000000000e+02 2.434447021484375000e+02 3.211080322265625000e+02 3.956733093261718750e+02 9.729385375976562500e+01 1.804851989746093750e+02 3.244046020507812500e+02
7.347059631347656250e+01 4.296585083007812500e+02 2.910147476196289062e+01 9.756297302246093750e+01 1.332518310546875000e+02 2.968351318359375000e+03 1.364215087890625000e+02 1.345901184082031250e+02 1.213602172851562500e+03 3.302203063964843750e+02 2.576191406250000000e+02 3.252689514160156250e+02 4.346892089843750000e+02 1.036209564208984375e+02 1.949534301757812500e+02 3.453919677734375000e+02
7.670048522949218750e+01 4.377069702148437500e+02 3.240385818481445312e+01 1.086538391113281250e+02 1.356616516113281250e+02 3.117481445312500000e+03 1.386337890625000000e+02 1.410225524902343750e+02 1.256508300781250000e+03 3.423295288085937500e+02 2.699614257812500000e+02 3.302625122070312500e+02 4.576719055175781250e+02 1.087597198486328125e+02 2.052180175781250000e+02 3.611793212890625000e+02
8.320849609375000000e+01 4.412599487304687500e+02 3.355521774291992188e+01 1.155242462158203125e+02 1.343654174804687500e+02 3.221589843750000000e+03 1.419864501953125000e+02 1.424032287597656250e+02 1.264901489257812500e+03 3.451366577148437500e+02 2.725847473144531250e+02 3.241662902832031250e+02 4.599891662597656250e+02 1.105501403808593750e+02 2.071575927734375000e+02 3.691369018554687500e+02
8.585353088378906250e+01 4.481625061035156250e+02 3.790138626098632812e+01 1.227247619628906250e+02 1.336466522216796875e+02 3.326996337890625000e+03 1.435321655273437500e+02 1.446332244873046875e+02 1.333008300781250000e+03 3.376196289062500000e+02 2.771126098632812500e+02 3.268227539062500000e+02 4.478686523437500000e+02 1.094362640380859375e+02 2.035186462402343750e+02 3.670888671875000000e+02
8.646676635742187500e+01 4.418341369628906250e+02 4.430051422119140625e+01 1.265114822387695312e+02 1.321165771484375000e+02 3.349254394531250000e+03 1.427554016113281250e+02 1.420548400878906250e+02 1.365067382812500000e+03 3.402940979003906250e+02 2.734238281250000000e+02 3.058270263671875000e+02 4.964764404296875000e+02 1.054001464843750000e+02 2.061858825683593750e+02 3.596232910156250000e+02
8.447514343261718750e+01 4.272031860351562500e+02 4.547779083251953125e+01 1.254529113769531250e+02 1.297371520996093750e+02 3.307703369140625000e+03 1.392095336914062500e+02 1.375442199707031250e+02 1.397073120117187500e+03 3.786127319335937500e+02 2.631898803710937500e+02 2.900147705078125000e+02 5.354991455078125000e+02 1.008722381591796875e+02 2.081867065429687500e+02 3.475709838867187500e+02
8.005593872070312500e+01 4.152443237304687500e+02 4.266485595703125000e+01 1.183903961181640625e+02 1.310289306640625000e+02 3.326361816406250000e+03 1.332628784179687500e+02 1.340595397949218750e+02 1.400327392578125000e+03 4.014936523437500000e+02 2.526856994628906250e+02 2.994088134765625000e+02 5.600223999023437500e+02 9.848654174804687500e+01 2.118296661376953125e+02 3.395672607421875000e+02
7.507199096679687500e+01 3.944691772460937500e+02 3.616978454589843750e+01 1.068399658203125000e+02 1.282959136962890625e+02 3.183369384765625000e+03 1.303746337890625000e+02 1.249801712036132812e+02 1.342791015625000000e+03 4.004791564941406250e+02 2.377042388916015625e+02 2.983889770507812500e+02 5.640786132812500000e+02 9.466574859619140625e+01 2.020999450683593750e+02 3.243768310546875000e+02
6.827871704101562500e+01 3.811414184570312500e+02 3.124300003051757812e+01 9.687112426757812500e+01 1.280044860839843750e+02 3.104748046875000000e+03 1.270064010620117188e+02 1.180660858154296875e+02 1.301669189453125000e+03 3.771651916503906250e+02 2.234398803710937500e+02 2.970604553222656250e+02 5.548372802734375000e+02 9.053561401367187500e+01 1.933867187500000000e+02 3.147981567382812500e+02
6.631663513183593750e+01 3.825344543457031250e+02 2.802434921264648438e+01 9.251780700683593750e+01 1.293466796875000000e+02 3.034397460937500000e+03 1.230020599365234375e+02 1.130613250732421875e+02 1.283088623046875000e+03 3.776082458496093750e+02 2.227690124511718750e+02 3.067390747070312500e+02 5.587130126953125000e+02 8.781895446777343750e+01 1.918338317871093750e+02 3.152058105468750000e+02
6.338094329833984375e+01 3.866020812988281250e+02 2.895660018920898438e+01 8.990951538085937500e+01 1.300266571044921875e+02 2.974197509765625000e+03 1.213759384155273438e+02 1.144561767578125000e+02 1.307605712890625000e+03 3.905615539550781250e+02 2.202516937255859375e+02 3.145440063476562500e+02 5.663548583984375000e+02 8.906974792480468750e+01 1.878753967285156250e+02 3.201000366210937500e+02
6.659922790527343750e+01 3.975127563476562500e+02 2.995846176147460938e+01 9.149044799804687500e+01 1.308083801269531250e+02 2.986465820312500000e+03 1.249248352050781250e+02 1.164444885253906250e+02 1.342383056640625000e+03 3.800020141601562500e+02 2.243661804199218750e+02 3.167504882812500000e+02 5.621879272460937500e+02 9.256977844238281250e+01 1.822562255859375000e+02 3.284714660644531250e+02
6.789443969726562500e+01 4.170085754394531250e+02 3.382335662841796875e+01 1.001227111816406250e+02 1.344618225097656250e+02 3.046605224609375000e+03 1.268818893432617188e+02 1.267652740478515625e+02 1.381311523437500000e+03 3.841250000000000000e+02 2.339885253906250000e+02 3.262938842773437500e+02 5.719982910156250000e+02 9.265460205078125000e+01 1.760901336669921875e+02 3.340837402343750000e+02
6.843315887451171875e+01 4.171668090820312500e+02 3.887435150146484375e+01 1.043528289794921875e+02 1.357508544921875000e+02 3.057514404296875000e+03 1.254452743530273438e+02 1.290106811523437500e+02 1.362604125976562500e+03 3.840894165039062500e+02 2.360518493652343750e+02 3.304635620117187500e+02 5.802078857421875000e+02 9.393241119384765625e+01 1.793883361816406250e+02 3.369148254394531250e+02
6.882002258300781250e+01 4.177222900390625000e+02 4.263129425048828125e+01 1.115808410644531250e+02 1.342469482421875000e+02 3.159563964843750000e+03 1.242551422119140625e+02 1.269692993164062500e+02 1.383788330078125000e+03 3.939250488281250000e+02 2.371531829833984375e+02 3.333995361328125000e+02 5.866967773437500000e+02 9.606291198730468750e+01 1.852380371093750000e+02 3.398263549804687500e+02
7.497360992431640625e+01 4.173760375976562500e+02 4.614355468750000000e+01 1.134477081298828125e+02 1.312380981445312500e+02 3.161595947265625000e+03 1.264741592407226562e+02 1.271356735229492188e+02 1.369274414062500000e+03 3.834036254882812500e+02 2.374089813232421875e+02 3.355588684082031250e+02 5.862261962890625000e+02 9.592589569091796875e+01 1.950369262695312500e+02 3.450322265625000000e+02
7.595034790039062500e+01 4.329057006835937500e+02 5.144691467285156250e+01 1.157091979980468750e+02 1.303368835449218750e+02 3.302492675781250000e+03 1.346671142578125000e+02 1.315054779052734375e+02 1.438813354492187500e+03 3.808277587890625000e+02 2.453047943115234375e+02 3.313209838867187500e+02 5.830996093750000000e+02 9.616378784179687500e+01 2.122236175537109375e+02 3.456608276367187500e+02
8.212368774414062500e+01 4.615253295898437500e+02 5.710378646850585938e+01 1.253232574462890625e+02 1.303064117431640625e+02 3.454545410156250000e+03 1.442526245117187500e+02 1.407315063476562500e+02 1.322817504882812500e+03 3.459248046875000000e+02 2.605775756835937500e+02 3.440819091796875000e+02 5.672228393554687500e+02 9.837642669677734375e+01 2.154319458007812500e+02 3.714026184082031250e+02
8.979928588867187500e+01 4.631329345703125000e+02 5.869487380981445312e+01 1.226275482177734375e+02 1.298197937011718750e+02 3.542420654296875000e+03 1.452146301269531250e+02 1.415790405273437500e+02 1.338864135742187500e+03 3.398442687988281250e+02 2.579877929687500000e+02 3.434338378906250000e+02 5.708106689453125000e+02 9.850617980957031250e+01 2.151048736572265625e+02 3.771651000976562500e+02
9.052758789062500000e+01 4.582344360351562500e+02 5.478302764892578125e+01 1.185198516845703125e+02 1.289281463623046875e+02 3.427999755859375000e+03 1.436686248779296875e+02 1.399044189453125000e+02 1.380511840820312500e+03 3.444349670410156250e+02 2.573489685058593750e+02 3.417365417480468750e+02 5.831682739257812500e+02 9.756982421875000000e+01 2.057439575195312500e+02 3.688697204589843750e+02
8.424035644531250000e+01 4.553212280273437500e+02 5.513217163085937500e+01 1.159231719970703125e+02 1.294035644531250000e+02 3.422399414062500000e+03 1.423798980712890625e+02 1.373097381591796875e+02 1.443604492187500000e+03 3.428547973632812500e+02 2.559283447265625000e+02 3.358141479492187500e+02 5.883406982421875000e+02 1.017230987548828125e+02 2.025221252441406250e+02 3.589653320312500000e+02
8.440563964843750000e+01 4.541807861328125000e+02 6.142730331420898438e+01 1.154735565185546875e+02 1.289772033691406250e+02 3.394871093750000000e+03 1.413255004882812500e+02 1.376187133789062500e+02 1.453315307617187500e+03 3.357155151367187500e+02 2.532386322021484375e+02 3.386735229492187500e+02 5.943458862304687500e+02 1.108038787841796875e+02 2.175683593750000000e+02 3.520067749023437500e+02
8.793749237060546875e+01 4.665650634765625000e+02 6.508852386474609375e+01 1.190175781250000000e+02 1.293591003417968750e+02 3.434102539062500000e+03 1.403655090332031250e+02 1.413122253417968750e+02 1.438631225585937500e+03 3.220780334472656250e+02 2.594640197753906250e+02 3.420977783203125000e+02 5.919977416992187500e+02 1.173447113037109375e+02 2.378348999023437500e+02 3.537827758789062500e+02
8.579459381103515625e+01 4.631545715332031250e+02 6.308567428588867188e+01 1.184320220947265625e+02 1.303323364257812500e+02 3.382029785156250000e+03 1.424801025390625000e+02 1.384072570800781250e+02 1.421015258789062500e+03 3.166295776367187500e+02 2.613330688476562500e+02 3.388715515136718750e+02 5.845612182617187500e+02 1.169667129516601562e+02 2.567816162109375000e+02 3.548477783203125000e+02
8.888973236083984375e+01 4.662559204101562500e+02 6.215251922607421875e+01 1.207329254150390625e+02 1.313704223632812500e+02 3.400336425781250000e+03 1.450164337158203125e+02 1.372499847412109375e+02 1.406790039062500000e+03 3.214948425292968750e+02 2.642139587402343750e+02 3.416065673828125000e+02 5.819883422851562500e+02 1.228987731933593750e+02 2.690208435058593750e+02 3.616262817382812500e+02
9.002528381347656250e+01 4.712599487304687500e+02 5.981451034545898438e+01 1.283661346435546875e+02 1.314316711425781250e+02 3.383658691406250000e+03 1.458920593261718750e+02 1.364170379638671875e+02 1.539416259765625000e+03 3.205643920898437500e+02 2.710676269531250000e+02 3.415870666503906250e+02 5.856856079101562500e+02 1.218408660888671875e+02 2.778423156738281250e+02 3.710073852539062500e+02
8.860331726074218750e+01 4.654780883789062500e+02 5.704016113281250000e+01 1.279005355834960938e+02 1.308340759277343750e+02 3.275099121093750000e+03 1.440530700683593750e+02 1.340957336425781250e+02 1.578141845703125000e+03 3.155301818847656250e+02 2.682207031250000000e+02 3.348873596191406250e+02 5.857116699218750000e+02 1.168766632080078125e+02 2.698003845214843750e+02 3.742102355957031250e+02
9.218373107910156250e+01 4.641514282226562500e+02 5.909986877441406250e+01 1.274044570922851562e+02 1.322459106445312500e+02 3.220401855468750000e+03 1.446189422607421875e+02 1.342194671630859375e+02 1.568494750976562500e+03 3.098679199218750000e+02 2.670982666015625000e+02 3.371446228027343750e+02 5.814677734375000000e+02 1.253613891601562500e+02 2.768391723632812500e+02 3.696253051757812500e+02
9.472774505615234375e+01 4.714968261718750000e+02 5.984290313720703125e+01 1.295627441406250000e+02 1.371425170898437500e+02 3.283709960937500000e+03 1.483415069580078125e+02 1.325793762207031250e+02 1.618283813476562500e+03 3.129206542968750000e+02 2.722258911132812500e+02 3.400260009765625000e+02 5.810559692382812500e+02 1.317251129150390625e+02 2.648583068847656250e+02 3.813954162597656250e+02
9.052697753906250000e+01 4.739568481445312500e+02 5.450950241088867188e+01 1.279793167114257812e+02 1.387259521484375000e+02 3.225278320312500000e+03 1.468677215576171875e+02 1.297687835693359375e+02 1.642333374023437500e+03 3.136340332031250000e+02 2.672664184570312500e+02 3.374279479980468750e+02 5.690698852539062500e+02 1.250481414794921875e+02 2.697239379882812500e+02 3.818930969238281250e+02
8.574081420898437500e+01 4.630745239257812500e+02 4.663337707519531250e+01 1.274076461791992188e+02 1.372671356201171875e+02 3.264405761718750000e+03 1.434860382080078125e+02 1.291948547363281250e+02 1.591715942382812500e+03 3.121666870117187500e+02 2.615302734375000000e+02 3.183831787109375000e+02 5.561907348632812500e+02 1.222535476684570312e+02 2.647934570312500000e+02 3.728389892578125000e+02
8.132586669921875000e+01 4.537473754882812500e+02 4.184227371215820312e+01 1.248386306762695312e+02 1.352491455078125000e+02 3.262633300781250000e+03 1.414058227539062500e+02 1.265823211669921875e+02 1.595061645507812500e+03 3.108688964843750000e+02 2.570919189453125000e+02 3.048432312011718750e+02 5.538547363281250000e+02 1.244884796142578125e+02 2.502686920166015625e+02 3.678891601562500000e+02
7.831932067871093750e+01 4.623574523925781250e+02 4.620043563842773438e+01 1.304141845703125000e+02 1.395995483398437500e+02 3.334207031250000000e+03 1.402644958496093750e+02 1.279836425781250000e+02 1.549031982421875000e+03 3.148764648437500000e+02 2.581216430664062500e+02 3.223483886718750000e+02 5.626540527343750000e+02 1.232530212402343750e+02 2.522811737060546875e+02 3.694198303222656250e+02
7.943997192382812500e+01 4.619707031250000000e+02 4.954177856445312500e+01 1.282430419921875000e+02 1.430032196044921875e+02 3.354534667968750000e+03 1.396870269775390625e+02 1.278720779418945312e+02 1.485176269531250000e+03 3.400884704589843750e+02 2.610857543945312500e+02 3.342065429687500000e+02 5.548208007812500000e+02 1.188944244384765625e+02 2.536518402099609375e+02 3.739158630371093750e+02
7.777403259277343750e+01 4.682141418457031250e+02 4.626057434082031250e+01 1.226378784179687500e+02 1.431954040527343750e+02 3.422116699218750000e+03 1.374785919189453125e+02 1.260493927001953125e+02 1.439135009765625000e+03 3.422722473144531250e+02 2.618855590820312500e+02 3.351930236816406250e+02 5.422755126953125000e+02 1.113036651611328125e+02 2.543635101318359375e+02 3.778580932617187500e+02
7.936788940429687500e+01 4.691797180175781250e+02 4.601178359985351562e+01 1.190779876708984375e+02 1.449996185302734375e+02 3.519012207031250000e+03 1.366453857421875000e+02 1.251296539306640625e+02 1.414138916015625000e+03 3.452346801757812500e+02 2.671091918945312500e+02 3.398208007812500000e+02 5.503392333984375000e+02 1.053938293457031250e+02 2.576422119140625000e+02 3.815245666503906250e+02
8.026005554199218750e+01 4.706206054687500000e+02 4.493572616577148438e+01 1.217654571533203125e+02 1.460642089843750000e+02 3.672441650390625000e+03 1.361739044189453125e+02 1.249163284301757812e+02 1.391617553710937500e+03 3.393813476562500000e+02 2.655683593750000000e+02 3.378970947265625000e+02 5.548613281250000000e+02 1.026311798095703125e+02 2.499412078857421875e+02 3.853042907714843750e+02
8.196709442138671875e+01 4.665102539062500000e+02 4.511855316162109375e+01 1.190597381591796875e+02 1.470131225585937500e+02 3.849456542968750000e+03 1.374962158203125000e+02 1.254617843627929688e+02 1.365796752929687500e+03 3.317046203613281250e+02 2.618497314453125000e+02 3.385208129882812500e+02 5.569248046875000000e+02 1.011517562866210938e+02 2.370279846191406250e+02 3.926278076171875000e+02
7.969223785400390625e+01 4.567690429687500000e+02 4.167225646972656250e+01 1.150505676269531250e+02 1.465871582031250000e+02 3.946932128906250000e+03 1.414571533203125000e+02 1.239085998535156250e+02 1.309480957031250000e+03 3.341918945312500000e+02 2.551179504394531250e+02 3.388005676269531250e+02 5.371286010742187500e+02 1.023937759399414062e+02 2.243307952880859375e+02 3.772820434570312500e+02
