1.039645233154296875e+02 5.043603210449218750e+02 7.918347167968750000e+01 1.266274948120117188e+02 1.460547485351562500e+02 3.567189453125000000e+03 1.768193359375000000e+02 1.773042755126953125e+02 1.600013427734375000e+03 3.537380065917968750e+02 2.955637512207031250e+02 3.774534912109375000e+02 5.490496215820312500e+02 1.345456542968750000e+02 2.600168457031250000e+02 3.561814270019531250e+02
1.044601821899414062e+02 5.009754028320312500e+02 7.719440460205078125e+01 1.265882873535156250e+02 1.475280456542968750e+02 3.609553222656250000e+03 1.731653900146484375e+02 1.767000274658203125e+02 1.586639038085937500e+03 3.446964721679687500e+02 2.967229309082031250e+02 3.825364990234375000e+02 5.428956298828125000e+02 1.271041946411132812e+02 2.683851013183593750e+02 3.579077758789062500e+02
1.002541809082031250e+02 4.998211669921875000e+02 7.445585632324218750e+01 1.262916336059570312e+02 1.492398376464843750e+02 3.617521484375000000e+03 1.710138397216796875e+02 1.750323486328125000e+02 1.603946411132812500e+03 3.385742187500000000e+02 2.950438232421875000e+02 3.836074218750000000e+02 5.319956665039062500e+02 1.183392410278320312e+02 2.740875549316406250e+02 3.584371337890625000e+02
1.011435852050781250e+02 4.971035766601562500e+02 7.052497863769531250e+01 1.243164672851562500e+02 1.509066162109375000e+02 3.530593505859375000e+03 1.676445312500000000e+02 1.704353637695312500e+02 1.607768798828125000e+03 3.348310852050781250e+02 2.884895629882812500e+02 3.828141784667968750e+02 5.359595336914062500e+02 1.156189270019531250e+02 2.751133728027343750e+02 3.538780822753906250e+02
1.012297973632812500e+02 5.012439575195312500e+02 6.794170379638671875e+01 1.214032440185546875e+02 1.530822296142578125e+02 3.560545654296875000e+03 1.643187866210937500e+02 1.690019378662109375e+02 1.595135253906250000e+03 3.400023803710937500e+02 2.901743774414062500e+02 3.837433166503906250e+02 5.323214111328125000e+02 1.144827728271484375e+02 2.755803222656250000e+02 3.518389282226562500e+02
9.516841888427734375e+01 5.027483520507812500e+02 6.502719116210937500e+01 1.185104980468750000e+02 1.544258728027343750e+02 3.540604736328125000e+03 1.605447998046875000e+02 1.704445800781250000e+02 1.581425537109375000e+03 3.453706970214843750e+02 2.924367370605468750e+02 3.828448486328125000e+02 5.266356201171875000e+02 1.145620880126953125e+02 2.709549560546875000e+02 3.527772216796875000e+02
8.931656646728515625e+01 5.070601196289062500e+02 6.162297821044921875e+01 1.148959197998046875e+02 1.555539855957031250e+02 3.529024658203125000e+03 1.621186828613281250e+02 1.703568420410156250e+02 1.558575073242187500e+03 3.522056884765625000e+02 2.971589050292968750e+02 3.819665222167968750e+02 5.291306152343750000e+02 1.122083740234375000e+02 2.672570190429687500e+02 3.517854003906250000e+02
8.630730438232421875e+01 5.103627014160156250e+02 6.054627990722656250e+01 1.132130737304687500e+02 1.582378234863281250e+02 3.518255371093750000e+03 1.610052490234375000e+02 1.714314575195312500e+02 1.540398681640625000e+03 3.533043518066406250e+02 3.035248413085937500e+02 3.820784301757812500e+02 5.378266601562500000e+02 1.111919784545898438e+02 2.552984313964843750e+02 3.491613769531250000e+02
8.311256408691406250e+01 5.085437622070312500e+02 5.783540344238281250e+01 1.112300720214843750e+02 1.589661865234375000e+02 3.508756347656250000e+03 1.604713287353515625e+02 1.680784912109375000e+02 1.525815551757812500e+03 3.497389221191406250e+02 3.077377624511718750e+02 3.795222167968750000e+02 5.391745605468750000e+02 1.100704956054687500e+02 2.467178039550781250e+02 3.497103881835937500e+02
8.422451019287109375e+01 5.061898803710937500e+02 5.489956665039062500e+01 1.110560760498046875e+02 1.588455200195312500e+02 3.477564941406250000e+03 1.597959442138671875e+02 1.671933593750000000e+02 1.501394042968750000e+03 3.482335205078125000e+02 3.119403381347656250e+02 3.783305664062500000e+02 5.317308349609375000e+02 1.092914428710937500e+02 2.396152496337890625e+02 3.461632690429687500e+02
8.322148132324218750e+01 5.068723144531250000e+02 5.527182006835937500e+01 1.108406982421875000e+02 1.592469787597656250e+02 3.468286376953125000e+03 1.581763916015625000e+02 1.655362701416015625e+02 1.474617309570312500e+03 3.476425170898437500e+02 3.157956542968750000e+02 3.754746093750000000e+02 5.291870117187500000e+02 1.076823577880859375e+02 2.361770629882812500e+02 3.455568542480468750e+02
8.277661132812500000e+01 5.103649902343750000e+02 5.416283416748046875e+01 1.106530914306640625e+02 1.585174255371093750e+02 3.351513183593750000e+03 1.566343231201171875e+02 1.640131988525390625e+02 1.455913208007812500e+03 3.516678466796875000e+02 3.203248901367187500e+02 3.716541442871093750e+02 5.242218627929687500e+02 1.079976196289062500e+02 2.319640350341796875e+02 3.462647399902343750e+02
8.125526428222656250e+01 5.100610351562500000e+02 5.266460418701171875e+01 1.075579833984375000e+02 1.588708496093750000e+02 3.213675537109375000e+03 1.536067962646484375e+02 1.615942840576171875e+02 1.444133056640625000e+03 3.538627319335937500e+02 3.227123718261718750e+02 3.674195251464843750e+02 5.174219970703125000e+02 1.088850402832031250e+02 2.345211181640625000e+02 3.499680480957031250e+02
7.993673706054687500e+01 5.042214355468750000e+02 5.145746612548828125e+01 1.002742156982421875e+02 1.582628479003906250e+02 3.047020507812500000e+03 1.499931945800781250e+02 1.587861328125000000e+02 1.397629882812500000e+03 3.459502258300781250e+02 3.193182067871093750e+02 3.633189697265625000e+02 5.082260131835937500e+02 1.084881591796875000e+02 2.306633605957031250e+02 3.496627197265625000e+02
7.636983489990234375e+01 4.792624511718750000e+02 4.633073425292968750e+01 8.940277099609375000e+01 1.583990783691406250e+02 2.864889160156250000e+03 1.440206756591796875e+02 1.507895812988281250e+02 1.328363769531250000e+03 3.373401489257812500e+02 3.011519775390625000e+02 3.567808837890625000e+02 4.911711120605468750e+02 1.063167877197265625e+02 2.228588562011718750e+02 3.417676391601562500e+02
6.935404968261718750e+01 4.387229309082031250e+02 3.520778656005859375e+01 7.293247985839843750e+01 1.573244323730468750e+02 2.747983642578125000e+03 1.325077209472656250e+02 1.341965332031250000e+02 1.187693969726562500e+03 3.203115539550781250e+02 2.713019409179687500e+02 3.446414489746093750e+02 4.565408935546875000e+02 1.018525924682617188e+02 2.060708618164062500e+02 3.245945739746093750e+02
6.140306091308593750e+01 3.954920043945312500e+02 2.256974792480468750e+01 5.784385681152343750e+01 1.530973052978515625e+02 2.707818847656250000e+03 1.229844894409179688e+02 1.206962890625000000e+02 1.099689697265625000e+03 3.011917724609375000e+02 2.399574432373046875e+02 3.297912597656250000e+02 3.936975097656250000e+02 9.348400878906250000e+01 1.834313507080078125e+02 3.072015075683593750e+02
6.029809570312500000e+01 3.833033142089843750e+02 1.941535949707031250e+01 5.719863891601562500e+01 1.453811798095703125e+02 2.692476318359375000e+03 1.211596527099609375e+02 1.165112457275390625e+02 1.104491943359375000e+03 2.994220275878906250e+02 2.279122467041015625e+02 3.201803588867187500e+02 3.681560974121093750e+02 9.197824096679687500e+01 1.759813537597656250e+02 3.078860473632812500e+02
6.520755767822265625e+01 4.031835327148437500e+02 2.802042388916015625e+01 6.782768249511718750e+01 1.448045654296875000e+02 2.776084960937500000e+03 1.258628997802734375e+02 1.239725189208984375e+02 1.153038696289062500e+03 3.161570129394531250e+02 2.436570739746093750e+02 3.271476440429687500e+02 4.211306762695312500e+02 9.828469085693359375e+01 1.900829010009765625e+02 3.289356079101562500e+02
7.253157806396484375e+01 4.322288818359375000e+02 4.271943664550781250e+01 8.461950683593750000e+01 1.482615051269531250e+02 2.917278808593750000e+03 1.314731750488281250e+02 1.383370361328125000e+02 1.230828369140625000e+03 3.418237915039062500e+02 2.748257141113281250e+02 3.376751098632812500e+02 4.771735534667968750e+02 1.087426605224609375e+02 2.111503295898437500e+02 3.624301757812500000e+02
8.480300140380859375e+01 4.659938964843750000e+02 5.527304840087890625e+01 1.056368255615234375e+02 1.496770782470703125e+02 3.044897460937500000e+03 1.419040222167968750e+02 1.529604644775390625e+02 1.304699340820312500e+03 3.718970947265625000e+02 3.044729003906250000e+02 3.421473693847656250e+02 5.079236145019531250e+02 1.201989059448242188e+02 2.344155120849609375e+02 4.004664611816406250e+02
9.704536437988281250e+01 4.971237792968750000e+02 6.682958221435546875e+01 1.312130737304687500e+02 1.501145935058593750e+02 3.195969726562500000e+03 1.502532348632812500e+02 1.676988220214843750e+02 1.404055419921875000e+03 3.894885253906250000e+02 3.296116333007812500e+02 3.455778198242187500e+02 5.221159667968750000e+02 1.275922775268554688e+02 2.442056732177734375e+02 4.263478393554687500e+02
1.051112365722656250e+02 5.065139160156250000e+02 7.731040191650390625e+01 1.586278991699218750e+02 1.466905822753906250e+02 3.428270019531250000e+03 1.566355590820312500e+02 1.709017181396484375e+02 1.416365600585937500e+03 3.878966369628906250e+02 3.380098266601562500e+02 3.278843383789062500e+02 5.470336303710937500e+02 1.253029632568359375e+02 2.455727081298828125e+02 4.325559692382812500e+02
1.007246704101562500e+02 4.759625244140625000e+02 7.175404357910156250e+01 1.511011962890625000e+02 1.394235992431640625e+02 3.459622070312500000e+03 1.502602844238281250e+02 1.602396392822265625e+02 1.398904296875000000e+03 3.881995849609375000e+02 3.143748779296875000e+02 3.055206909179687500e+02 5.525954589843750000e+02 1.175752105712890625e+02 2.378780975341796875e+02 4.095487365722656250e+02
9.607451629638671875e+01 4.544205322265625000e+02 6.616948699951171875e+01 1.430950012207031250e+02 1.339190673828125000e+02 3.542093261718750000e+03 1.433963012695312500e+02 1.530992431640625000e+02 1.388203247070312500e+03 3.915250549316406250e+02 2.951495666503906250e+02 2.998965454101562500e+02 5.584776611328125000e+02 1.115417785644531250e+02 2.341740112304687500e+02 3.929150695800781250e+02
9.167102050781250000e+01 4.359704589843750000e+02 6.042146301269531250e+01 1.370447998046875000e+02 1.284554138183593750e+02 3.498010742187500000e+03 1.408148803710937500e+02 1.457448120117187500e+02 1.364468750000000000e+03 3.965690002441406250e+02 2.806705932617187500e+02 2.979212646484375000e+02 5.628705444335937500e+02 1.072040557861328125e+02 2.269937133789062500e+02 3.763457031250000000e+02
8.433810424804687500e+01 4.222311401367187500e+02 5.495174026489257812e+01 1.310306701660156250e+02 1.264767761230468750e+02 3.475728759765625000e+03 1.386725006103515625e+02 1.384875793457031250e+02 1.357466430664062500e+03 3.930139160156250000e+02 2.663867187500000000e+02 2.968632507324218750e+02 5.621170654296875000e+02 1.027700576782226562e+02 2.213465881347656250e+02 3.639649658203125000e+02
8.049367523193359375e+01 4.178397827148437500e+02 4.945900726318359375e+01 1.254729385375976562e+02 1.270753402709960938e+02 3.418745605468750000e+03 1.347537536621093750e+02 1.317060699462890625e+02 1.357607788085937500e+03 3.941770324707031250e+02 2.590722656250000000e+02 3.046007385253906250e+02 5.651967163085937500e+02 9.896293640136718750e+01 2.158883666992187500e+02 3.563061828613281250e+02
7.483586120605468750e+01 4.141063842773437500e+02 4.478277206420898438e+01 1.181159057617187500e+02 1.268948593139648438e+02 3.382293945312500000e+03 1.313828125000000000e+02 1.285098724365234375e+02 1.379230957031250000e+03 4.007919616699218750e+02 2.502284545898437500e+02 3.120860595703125000e+02 5.640659790039062500e+02 9.714234924316406250e+01 2.088588867187500000e+02 3.512211608886718750e+02
6.988859558105468750e+01 4.054847717285156250e+02 3.768073272705078125e+01 1.055392761230468750e+02 1.241013946533203125e+02 3.306966796875000000e+03 1.277828674316406250e+02 1.218339767456054688e+02 1.384978027343750000e+03 3.907218627929687500e+02 2.376836242675781250e+02 3.102924194335937500e+02 5.484774169921875000e+02 9.538722229003906250e+01 1.963248596191406250e+02 3.431483764648437500e+02
6.610025787353515625e+01 4.061169738769531250e+02 3.231804275512695312e+01 9.854890441894531250e+01 1.252241973876953125e+02 3.213649902343750000e+03 1.251600418090820312e+02 1.218748321533203125e+02 1.395690551757812500e+03 3.854362487792968750e+02 2.316305999755859375e+02 3.152382507324218750e+02 5.393402099609375000e+02 9.314484405517578125e+01 1.813793487548828125e+02 3.357490234375000000e+02
6.443932342529296875e+01 4.095245361328125000e+02 3.119049072265625000e+01 9.767550659179687500e+01 1.267912826538085938e+02 3.128338378906250000e+03 1.228771667480468750e+02 1.233670349121093750e+02 1.389457519531250000e+03 3.845823974609375000e+02 2.300842132568359375e+02 3.205465087890625000e+02 5.389981689453125000e+02 9.353087615966796875e+01 1.763697662353515625e+02 3.344932861328125000e+02
6.465763092041015625e+01 4.199215393066406250e+02 3.343512344360351562e+01 1.044226837158203125e+02 1.269153900146484375e+02 3.137983886718750000e+03 1.216562576293945312e+02 1.248859939575195312e+02 1.402112548828125000e+03 3.924213867187500000e+02 2.335533142089843750e+02 3.275476074218750000e+02 5.471062011718750000e+02 9.656322479248046875e+01 1.792328796386718750e+02 3.401540527343750000e+02
6.989427185058593750e+01 4.347035827636718750e+02 3.864895248413085938e+01 1.143656005859375000e+02 1.262827529907226562e+02 3.146602783203125000e+03 1.244986343383789062e+02 1.293725891113281250e+02 1.404303833007812500e+03 3.933432312011718750e+02 2.410045166015625000e+02 3.361719970703125000e+02 5.569078369140625000e+02 1.000581283569335938e+02 1.899637451171875000e+02 3.532782287597656250e+02
7.836936187744140625e+01 4.756904602050781250e+02 4.991196441650390625e+01 1.354923095703125000e+02 1.301031799316406250e+02 3.235220214843750000e+03 1.361443481445312500e+02 1.423029479980468750e+02 1.442899902343750000e+03 3.955718994140625000e+02 2.640144958496093750e+02 3.436405029296875000e+02 5.725035400390625000e+02 1.061492767333984375e+02 2.120702819824218750e+02 3.764269409179687500e+02
8.607154083251953125e+01 5.040403137207031250e+02 6.761450195312500000e+01 1.545885620117187500e+02 1.351503906250000000e+02 3.433479003906250000e+03 1.417448730468750000e+02 1.534219055175781250e+02 1.319973388671875000e+03 3.525341186523437500e+02 2.851776733398437500e+02 3.510846557617187500e+02 5.554623413085937500e+02 1.040202331542968750e+02 2.180966796875000000e+02 4.055016784667968750e+02
9.288536071777343750e+01 5.108245239257812500e+02 7.065918731689453125e+01 1.517582092285156250e+02 1.343118286132812500e+02 3.530004394531250000e+03 1.453388366699218750e+02 1.551032104492187500e+02 1.333597290039062500e+03 3.476763000488281250e+02 2.826876831054687500e+02 3.494679565429687500e+02 5.579285888671875000e+02 1.031494445800781250e+02 2.228327636718750000e+02 4.118307800292968750e+02
9.711900329589843750e+01 5.079992675781250000e+02 7.036087036132812500e+01 1.452370605468750000e+02 1.328252258300781250e+02 3.480769531250000000e+03 1.461002807617187500e+02 1.536061248779296875e+02 1.363317504882812500e+03 3.511363525390625000e+02 2.788895874023437500e+02 3.464521789550781250e+02 5.678415527343750000e+02 1.006852035522460938e+02 2.212235717773437500e+02 4.089520874023437500e+02
9.402950286865234375e+01 5.062984619140625000e+02 7.090280151367187500e+01 1.396152038574218750e+02 1.325036468505859375e+02 3.472922363281250000e+03 1.453972778320312500e+02 1.512957763671875000e+02 1.420224853515625000e+03 3.532071533203125000e+02 2.758126220703125000e+02 3.404327392578125000e+02 5.756481933593750000e+02 1.027530517578125000e+02 2.207413177490234375e+02 4.005570983886718750e+02
9.485090637207031250e+01 5.039005126953125000e+02 7.412021636962890625e+01 1.362962646484375000e+02 1.318335266113281250e+02 3.506319824218750000e+03 1.448180541992187500e+02 1.506925048828125000e+02 1.453958496093750000e+03 3.484492797851562500e+02 2.716296386718750000e+02 3.392921752929687500e+02 5.820643310546875000e+02 1.094808349609375000e+02 2.284228820800781250e+02 3.915256652832031250e+02
9.774613952636718750e+01 5.107461547851562500e+02 7.698239898681640625e+01 1.374604187011718750e+02 1.320774993896484375e+02 3.654239257812500000e+03 1.444930419921875000e+02 1.536697235107421875e+02 1.468480468750000000e+03 3.340632019042968750e+02 2.738281250000000000e+02 3.416120605468750000e+02 5.813214721679687500e+02 1.170342178344726562e+02 2.423087463378906250e+02 3.893164672851562500e+02
9.834500122070312500e+01 5.113021240234375000e+02 7.737091827392578125e+01 1.375330200195312500e+02 1.333144531250000000e+02 3.684267578125000000e+03 1.468052978515625000e+02 1.512249908447265625e+02 1.466899414062500000e+03 3.247038879394531250e+02 2.773551940917968750e+02 3.396597290039062500e+02 5.753503417968750000e+02 1.211432342529296875e+02 2.570868225097656250e+02 3.896973876953125000e+02
1.008331298828125000e+02 5.158516845703125000e+02 7.706290435791015625e+01 1.406421203613281250e+02 1.349811401367187500e+02 3.793675537109375000e+03 1.499797210693359375e+02 1.499871520996093750e+02 1.464673095703125000e+03 3.292947387695312500e+02 2.824442138671875000e+02 3.408825378417968750e+02 5.696034545898437500e+02 1.274343032836914062e+02 2.675493469238281250e+02 3.949104003906250000e+02
1.035977630615234375e+02 5.214284057617187500e+02 7.562796783447265625e+01 1.474410400390625000e+02 1.358997497558593750e+02 3.847724853515625000e+03 1.530303955078125000e+02 1.479800415039062500e+02 1.540861694335937500e+03 3.298657836914062500e+02 2.903750000000000000e+02 3.409011230468750000e+02 5.675106811523437500e+02 1.314081726074218750e+02 2.741921386718750000e+02 4.034318847656250000e+02
1.041219482421875000e+02 5.215308227539062500e+02 7.381068420410156250e+01 1.506648559570312500e+02 1.358570709228515625e+02 3.818759765625000000e+03 1.538167114257812500e+02 1.454299011230468750e+02 1.602405029296875000e+03 3.268995666503906250e+02 2.926700439453125000e+02 3.364467773437500000e+02 5.655187988281250000e+02 1.304647674560546875e+02 2.726020507812500000e+02 4.097946166992187500e+02
1.070059204101562500e+02 5.215798339843750000e+02 7.400050354003906250e+01 1.520330810546875000e+02 1.373105926513671875e+02 3.760746093750000000e+03 1.556112365722656250e+02 1.454028472900390625e+02 1.619439697265625000e+03 3.212000427246093750e+02 2.942360839843750000e+02 3.354849853515625000e+02 5.620251464843750000e+02 1.351478424072265625e+02 2.747706909179687500e+02 4.104399719238281250e+02
1.091519165039062500e+02 5.280871582031250000e+02 7.419448089599609375e+01 1.557178192138671875e+02 1.439517211914062500e+02 3.819337890625000000e+03 1.588534240722656250e+02 1.433529663085937500e+02 1.653250732421875000e+03 3.251896057128906250e+02 3.004437866210937500e+02 3.369398803710937500e+02 5.609768066406250000e+02 1.410143737792968750e+02 2.698791503906250000e+02 4.178115234375000000e+02
1.069771575927734375e+02 5.306714477539062500e+02 7.193643188476562500e+01 1.562327270507812500e+02 1.477670898437500000e+02 3.844087646484375000e+03 1.580194091796875000e+02 1.389037475585937500e+02 1.675940063476562500e+03 3.272902221679687500e+02 2.974257812500000000e+02 3.355685424804687500e+02 5.551147460937500000e+02 1.393755950927734375e+02 2.702916564941406250e+02 4.219778137207031250e+02
1.018494415283203125e+02 5.218197631835937500e+02 6.684256744384765625e+01 1.572898864746093750e+02 1.479073944091796875e+02 3.869994384765625000e+03 1.545589599609375000e+02 1.371202545166015625e+02 1.658695068359375000e+03 3.280222167968750000e+02 2.920178527832031250e+02 3.261571044921875000e+02 5.472451171875000000e+02 1.376404113769531250e+02 2.686662292480468750e+02 4.178518981933593750e+02
9.540272521972656250e+01 5.111933288574218750e+02 6.225695419311523438e+01 1.564337768554687500e+02 1.462435607910156250e+02 3.787899902343750000e+03 1.518781433105468750e+02 1.330577392578125000e+02 1.649804687500000000e+03 3.281105957031250000e+02 2.868698425292968750e+02 3.155256958007812500e+02 5.430216064453125000e+02 1.376895141601562500e+02 2.605633544921875000e+02 4.145780334472656250e+02
9.041665649414062500e+01 5.159427490234375000e+02 6.272195434570312500e+01 1.620804138183593750e+02 1.510989837646484375e+02 3.904343017578125000e+03 1.505451354980468750e+02 1.339246520996093750e+02 1.620234497070312500e+03 3.326784667968750000e+02 2.868522644042968750e+02 3.223790893554687500e+02 5.462529296875000000e+02 1.355255584716796875e+02 2.582425537109375000e+02 4.158218688964843750e+02
9.117006683349609375e+01 5.187000122070312500e+02 6.448533630371093750e+01 1.633586120605468750e+02 1.573165435791015625e+02 4.005520751953125000e+03 1.500536499023437500e+02 1.347972106933593750e+02 1.576649902343750000e+03 3.507876281738281250e+02 2.909625244140625000e+02 3.336842956542968750e+02 5.462769165039062500e+02 1.318080902099609375e+02 2.574447631835937500e+02 4.204135131835937500e+02
8.914162445068359375e+01 5.264505004882812500e+02 6.418538665771484375e+01 1.593204650878906250e+02 1.601535949707031250e+02 4.015890869140625000e+03 1.474929504394531250e+02 1.331074829101562500e+02 1.535374633789062500e+03 3.620308837890625000e+02 2.951607055664062500e+02 3.391392517089843750e+02 5.426513671875000000e+02 1.253837966918945312e+02 2.571460571289062500e+02 4.246642150878906250e+02
8.998391723632812500e+01 5.301649169921875000e+02 6.509832000732421875e+01 1.552478179931640625e+02 1.635920715332031250e+02 4.039772705078125000e+03 1.462915191650390625e+02 1.320304565429687500e+02 1.508949951171875000e+03 3.698388977050781250e+02 3.009746093750000000e+02 3.463240356445312500e+02 5.459178466796875000e+02 1.180809707641601562e+02 2.587367858886718750e+02 4.286437377929687500e+02
9.234811401367187500e+01 5.379015502929687500e+02 6.578440856933593750e+01 1.582013244628906250e+02 1.662233734130859375e+02 4.126672851562500000e+03 1.455554046630859375e+02 1.324513244628906250e+02 1.490135131835937500e+03 3.671470336914062500e+02 3.042864990234375000e+02 3.489676513671875000e+02 5.504832763671875000e+02 1.132688293457031250e+02 2.571311950683593750e+02 4.337433471679687500e+02
9.435916137695312500e+01 5.388505859375000000e+02 6.674731445312500000e+01 1.570432891845703125e+02 1.686532592773437500e+02 4.179466308593750000e+03 1.468895263671875000e+02 1.336350860595703125e+02 1.469307373046875000e+03 3.624742126464843750e+02 3.035107727050781250e+02 3.507842102050781250e+02 5.549046630859375000e+02 1.105808944702148438e+02 2.512145080566406250e+02 4.401425781250000000e+02
9.357716369628906250e+01 5.317958374023437500e+02 6.541220092773437500e+01 1.524081115722656250e+02 1.695638275146484375e+02 4.254280273437500000e+03 1.509035186767578125e+02 1.319712219238281250e+02 1.426704833984375000e+03 3.639662170410156250e+02 2.962551574707031250e+02 3.525387878417968750e+02 5.511063842773437500e+02 1.111324157714843750e+02 2.434701995849609375e+02 4.331247253417968750e+02
9.598348999023437500e+01 5.136207885742187500e+02 6.251653671264648438e+01 1.470475769042968750e+02 1.690561523437500000e+02 4.359151367187500000e+03 1.489189453125000000e+02 1.292129516601562500e+02 1.385526855468750000e+03 3.552258605957031250e+02 2.861748657226562500e+02 3.453986206054687500e+02 5.531046142578125000e+02 1.102712249755859375e+02 2.329978637695312500e+02 4.221314697265625000e+02
9.453337097167968750e+01 5.009763793945312500e+02 5.815087890625000000e+01 1.419894256591796875e+02 1.680984344482421875e+02 4.395977539062500000e+03 1.453792114257812500e+02 1.258147811889648438e+02 1.379994628906250000e+03 3.517438049316406250e+02 2.771983032226562500e+02 3.399429626464843750e+02 5.580139160156250000e+02 1.056012420654296875e+02 2.239538879394531250e+02 4.207274475097656250e+02
9.527697753906250000e+01 4.822353515625000000e+02 5.431183624267578125e+01 1.363691711425781250e+02 1.657316894531250000e+02 4.407796386718750000e+03 1.425968322753906250e+02 1.233068695068359375e+02 1.347702392578125000e+03 3.389690246582031250e+02 2.689331665039062500e+02 3.325638732910156250e+02 5.577879638671875000e+02 1.051055831909179688e+02 2.153171997070312500e+02 4.130180358886718750e+02
