9.729782104492187500e+01 4.304356994628906250e+02 6.719200897216796875e+01 8.504530334472656250e+01 1.548197021484375000e+02 2.921080078125000000e+03 1.529702911376953125e+02 1.582371673583984375e+02 1.534133422851562500e+03 3.089473876953125000e+02 2.457294921875000000e+02 4.029479980468750000e+02 5.373082885742187500e+02 1.165188751220703125e+02 2.701922302246093750e+02 3.211099548339843750e+02
8.988949584960937500e+01 4.352362060546875000e+02 6.472136688232421875e+01 8.444087219238281250e+01 1.580031585693359375e+02 2.879303955078125000e+03 1.504313049316406250e+02 1.555809478759765625e+02 1.507566528320312500e+03 2.938920593261718750e+02 2.530820159912109375e+02 4.091384887695312500e+02 5.363090209960937500e+02 1.037595672607421875e+02 2.781184387207031250e+02 3.290308227539062500e+02
7.953715515136718750e+01 4.403238830566406250e+02 6.084582901000976562e+01 8.367324829101562500e+01 1.621514129638671875e+02 2.903109375000000000e+03 1.514272308349609375e+02 1.546276855468750000e+02 1.594412719726562500e+03 2.901836547851562500e+02 2.504809112548828125e+02 4.031443481445312500e+02 5.137050170898437500e+02 9.140818786621093750e+01 2.739633178710937500e+02 3.297465209960937500e+02
9.149626922607421875e+01 4.456067504882812500e+02 5.551673126220703125e+01 8.042262268066406250e+01 1.682768249511718750e+02 2.935475585937500000e+03 1.466727294921875000e+02 1.462536926269531250e+02 1.580697509765625000e+03 2.936926879882812500e+02 2.406503753662109375e+02 3.988829345703125000e+02 5.556092529296875000e+02 1.015757980346679688e+02 2.682679138183593750e+02 3.183168945312500000e+02
9.111779785156250000e+01 4.683736572265625000e+02 5.762303924560546875e+01 7.914598083496093750e+01 1.746050262451171875e+02 3.091321777343750000e+03 1.482731323242187500e+02 1.499874877929687500e+02 1.533651000976562500e+03 3.211849060058593750e+02 2.596901245117187500e+02 4.059541625976562500e+02 5.512812500000000000e+02 1.074775314331054688e+02 2.715145874023437500e+02 3.210978698730468750e+02
7.910352325439453125e+01 4.763527832031250000e+02 5.787914276123046875e+01 8.435273742675781250e+01 1.758368682861328125e+02 3.078001464843750000e+03 1.456217346191406250e+02 1.620030212402343750e+02 1.530666625976562500e+03 3.378760986328125000e+02 2.754220581054687500e+02 4.019542236328125000e+02 5.538345947265625000e+02 1.099608306884765625e+02 2.598179626464843750e+02 3.357026672363281250e+02
7.504975128173828125e+01 5.052072143554687500e+02 5.597612762451171875e+01 8.764819335937500000e+01 1.777820587158203125e+02 3.134081542968750000e+03 1.619166259765625000e+02 1.667963714599609375e+02 1.524028320312500000e+03 3.617433471679687500e+02 2.970707702636718750e+02 4.024967041015625000e+02 5.820225830078125000e+02 1.096312561035156250e+02 2.634865112304687500e+02 3.399041748046875000e+02
7.840897369384765625e+01 5.191635742187500000e+02 5.967634582519531250e+01 9.544360351562500000e+01 1.860250549316406250e+02 3.273009521484375000e+03 1.587149963378906250e+02 1.724897460937500000e+02 1.534909301757812500e+03 3.608508911132812500e+02 3.181516113281250000e+02 4.059587402343750000e+02 6.140728759765625000e+02 1.100450515747070312e+02 2.417441406250000000e+02 3.400945434570312500e+02
7.716656494140625000e+01 5.177682495117187500e+02 5.717952346801757812e+01 9.718197631835937500e+01 1.838108367919921875e+02 3.299715576171875000e+03 1.631079711914062500e+02 1.632700042724609375e+02 1.536360961914062500e+03 3.526791076660156250e+02 3.226235046386718750e+02 3.984003906250000000e+02 6.134267578125000000e+02 1.102862243652343750e+02 2.383763275146484375e+02 3.450167236328125000e+02
8.426614379882812500e+01 5.142105102539062500e+02 5.575475311279296875e+01 1.028200836181640625e+02 1.828882141113281250e+02 3.426016113281250000e+03 1.597221221923828125e+02 1.685431976318359375e+02 1.498401611328125000e+03 3.461787109375000000e+02 3.298149108886718750e+02 4.030559997558593750e+02 5.875559692382812500e+02 1.107220153808593750e+02 2.352250366210937500e+02 3.410908813476562500e+02
8.281632995605468750e+01 5.221082763671875000e+02 5.955344009399414062e+01 1.052016448974609375e+02 1.851504211425781250e+02 3.513703613281250000e+03 1.580615997314453125e+02 1.691130981445312500e+02 1.461004760742187500e+03 3.513627624511718750e+02 3.342777709960937500e+02 4.020823974609375000e+02 5.948329467773437500e+02 1.080270462036132812e+02 2.389439697265625000e+02 3.476720275878906250e+02
7.936581420898437500e+01 5.243057861328125000e+02 5.695032882690429688e+01 1.065263214111328125e+02 1.828939819335937500e+02 3.359685546875000000e+03 1.565511016845703125e+02 1.662721710205078125e+02 1.433760986328125000e+03 3.608467102050781250e+02 3.405750427246093750e+02 3.952136535644531250e+02 5.822637939453125000e+02 1.111711425781250000e+02 2.324796142578125000e+02 3.501107482910156250e+02
8.006742858886718750e+01 5.209872436523437500e+02 5.476521301269531250e+01 1.044254608154296875e+02 1.846082000732421875e+02 3.280132080078125000e+03 1.515734863281250000e+02 1.629214630126953125e+02 1.428720092773437500e+03 3.657878112792968750e+02 3.388849792480468750e+02 3.892367553710937500e+02 5.624974975585937500e+02 1.138276214599609375e+02 2.469488983154296875e+02 3.635221862792968750e+02
8.954083251953125000e+01 5.173734130859375000e+02 5.593548965454101562e+01 1.016328735351562500e+02 1.805932769775390625e+02 3.221877929687500000e+03 1.489401550292968750e+02 1.646468505859375000e+02 1.379434570312500000e+03 3.505855712890625000e+02 3.325838623046875000e+02 3.839624633789062500e+02 5.534647216796875000e+02 1.162424697875976562e+02 2.369138488769531250e+02 3.702894897460937500e+02
8.551381683349609375e+01 4.971527404785156250e+02 5.492606353759765625e+01 9.760900878906250000e+01 1.785183105468750000e+02 3.215076171875000000e+03 1.497724609375000000e+02 1.610533294677734375e+02 1.347828613281250000e+03 3.587189941406250000e+02 3.189289245605468750e+02 3.716218261718750000e+02 5.340644531250000000e+02 1.151832885742187500e+02 2.341655578613281250e+02 3.730883178710937500e+02
8.135567474365234375e+01 4.805460815429687500e+02 5.084901809692382812e+01 9.210081481933593750e+01 1.705010375976562500e+02 3.113307861328125000e+03 1.418907775878906250e+02 1.477862701416015625e+02 1.283009277343750000e+03 3.666799621582031250e+02 3.049096679687500000e+02 3.522596740722656250e+02 5.182943115234375000e+02 1.141871185302734375e+02 2.287679595947265625e+02 3.683971557617187500e+02
8.484584808349609375e+01 4.785070495605468750e+02 5.176988983154296875e+01 9.423139953613281250e+01 1.689977416992187500e+02 3.140157226562500000e+03 1.444073944091796875e+02 1.533130035400390625e+02 1.307280029296875000e+03 3.771598205566406250e+02 3.047865295410156250e+02 3.603045959472656250e+02 5.120792236328125000e+02 1.160254974365234375e+02 2.227083129882812500e+02 3.732507934570312500e+02
7.984382629394531250e+01 4.686786499023437500e+02 5.263557052612304688e+01 9.347586059570312500e+01 1.623974304199218750e+02 3.058043701171875000e+03 1.431601715087890625e+02 1.483895568847656250e+02 1.332945556640625000e+03 3.792558593750000000e+02 2.915981140136718750e+02 3.553274841308593750e+02 4.935345153808593750e+02 1.138152999877929688e+02 2.206359863281250000e+02 3.819012451171875000e+02
7.777696990966796875e+01 4.584072875976562500e+02 5.295493316650390625e+01 9.065907287597656250e+01 1.631725006103515625e+02 3.064572265625000000e+03 1.372311096191406250e+02 1.469754943847656250e+02 1.313343505859375000e+03 3.694930725097656250e+02 2.870099792480468750e+02 3.483437194824218750e+02 5.040570373535156250e+02 1.174494857788085938e+02 2.301724090576171875e+02 3.956300048828125000e+02
7.347915649414062500e+01 4.286482543945312500e+02 4.789096450805664062e+01 8.837915039062500000e+01 1.580969238281250000e+02 3.040114257812500000e+03 1.283062286376953125e+02 1.451305541992187500e+02 1.296732177734375000e+03 3.642310485839843750e+02 2.826551818847656250e+02 3.389530029296875000e+02 4.901051025390625000e+02 1.185327072143554688e+02 2.323473663330078125e+02 3.982811889648437500e+02
6.965069580078125000e+01 3.670061950683593750e+02 3.101019668579101562e+01 6.309713745117187500e+01 1.355438842773437500e+02 2.708706054687500000e+03 1.165601959228515625e+02 1.218051376342773438e+02 1.158819580078125000e+03 3.213139343261718750e+02 2.359747314453125000e+02 2.957961120605468750e+02 4.130699157714843750e+02 1.065959320068359375e+02 2.056363372802734375e+02 3.671040039062500000e+02
4.330947875976562500e+01 2.644436340332031250e+02 7.623901367187500000e-01 7.372451782226562500e+00 8.299420928955078125e+01 2.092196533203125000e+03 8.764466094970703125e+01 8.026829528808593750e+01 9.760720214843750000e+02 2.239715270996093750e+02 1.527145080566406250e+02 2.187938385009765625e+02 2.340075378417968750e+02 7.619706726074218750e+01 1.483512573242187500e+02 2.784528808593750000e+02
4.955725860595703125e+01 2.810122375488281250e+02 9.811340332031250000e+00 2.935055541992187500e+01 7.493576812744140625e+01 2.157855224609375000e+03 9.385266113281250000e+01 8.543247985839843750e+01 9.764174194335937500e+02 2.166713714599609375e+02 1.654532318115234375e+02 2.047696380615234375e+02 3.314497680664062500e+02 7.361614227294921875e+01 1.549741516113281250e+02 2.785202026367187500e+02
9.320199584960937500e+01 4.538901367187500000e+02 5.882150268554687500e+01 1.363979492187500000e+02 1.462433166503906250e+02 2.986582519531250000e+03 1.431303863525390625e+02 1.533473358154296875e+02 1.440408813476562500e+03 3.967126770019531250e+02 2.943230590820312500e+02 3.422030639648437500e+02 5.708341674804687500e+02 1.134754562377929688e+02 2.293930816650390625e+02 3.978723754882812500e+02
8.749919891357421875e+01 4.397113037109375000e+02 5.507349395751953125e+01 1.287769470214843750e+02 1.573257293701171875e+02 3.150456787109375000e+03 1.336098785400390625e+02 1.497661437988281250e+02 1.406071533203125000e+03 4.038766784667968750e+02 2.809802246093750000e+02 3.654209594726562500e+02 5.922473144531250000e+02 1.107501754760742188e+02 2.302856445312500000e+02 3.895864257812500000e+02
8.308935546875000000e+01 4.152257690429687500e+02 4.800090026855468750e+01 1.216948394775390625e+02 1.479691009521484375e+02 3.129221679687500000e+03 1.351141967773437500e+02 1.377580566406250000e+02 1.309133300781250000e+03 3.938695678710937500e+02 2.651178588867187500e+02 3.483285217285156250e+02 5.668931884765625000e+02 1.057209014892578125e+02 2.182771911621093750e+02 3.682807922363281250e+02
7.417935180664062500e+01 4.101837463378906250e+02 4.488076019287109375e+01 1.182874755859375000e+02 1.437201843261718750e+02 3.258627929687500000e+03 1.349435119628906250e+02 1.315588989257812500e+02 1.274277832031250000e+03 3.589857788085937500e+02 2.510661621093750000e+02 3.327860412597656250e+02 5.312152709960937500e+02 1.002232513427734375e+02 2.087032775878906250e+02 3.601883850097656250e+02
7.524181365966796875e+01 4.274699096679687500e+02 4.358310699462890625e+01 1.213150024414062500e+02 1.451354064941406250e+02 3.381384033203125000e+03 1.305579528808593750e+02 1.267581481933593750e+02 1.274096069335937500e+03 3.684146118164062500e+02 2.610482788085937500e+02 3.462340393066406250e+02 5.280443725585937500e+02 9.685902404785156250e+01 2.102925109863281250e+02 3.658560791015625000e+02
7.014762115478515625e+01 4.380594482421875000e+02 4.555543518066406250e+01 1.205237579345703125e+02 1.419821777343750000e+02 3.558140625000000000e+03 1.291128997802734375e+02 1.321585388183593750e+02 1.322707885742187500e+03 3.883480529785156250e+02 2.587819519042968750e+02 3.489280395507812500e+02 5.301687011718750000e+02 1.001739807128906250e+02 2.059544067382812500e+02 3.722795410156250000e+02
7.403973388671875000e+01 4.453005371093750000e+02 4.422595977783203125e+01 1.164001617431640625e+02 1.387648010253906250e+02 3.623498291015625000e+03 1.331865081787109375e+02 1.309722595214843750e+02 1.342227539062500000e+03 3.687894897460937500e+02 2.577297668457031250e+02 3.384363098144531250e+02 5.155759277343750000e+02 1.037310333251953125e+02 1.943671569824218750e+02 3.763083190917968750e+02
7.347152709960937500e+01 4.661062622070312500e+02 4.681748962402343750e+01 1.259403228759765625e+02 1.476715087890625000e+02 3.585481933593750000e+03 1.332775878906250000e+02 1.448790130615234375e+02 1.359768066406250000e+03 3.713243713378906250e+02 2.670956420898437500e+02 3.536976928710937500e+02 5.248549804687500000e+02 1.001386566162109375e+02 1.804252471923828125e+02 3.759275512695312500e+02
7.237074279785156250e+01 4.552389526367187500e+02 5.089641571044921875e+01 1.283229522705078125e+02 1.493347167968750000e+02 3.416264160156250000e+03 1.253393173217773438e+02 1.442500610351562500e+02 1.304183959960937500e+03 3.689239501953125000e+02 2.629188842773437500e+02 3.548598632812500000e+02 5.428825683593750000e+02 1.008872833251953125e+02 1.887839660644531250e+02 3.737834167480468750e+02
7.043756103515625000e+01 4.475752868652343750e+02 5.144020843505859375e+01 1.339272460937500000e+02 1.420238952636718750e+02 3.416911621093750000e+03 1.185820770263671875e+02 1.351562805175781250e+02 1.345135009765625000e+03 3.810326843261718750e+02 2.558320007324218750e+02 3.560039062500000000e+02 5.541131591796875000e+02 1.025882186889648438e+02 1.959026184082031250e+02 3.702289733886718750e+02
7.553796386718750000e+01 4.222474060058593750e+02 4.703588104248046875e+01 1.196209564208984375e+02 1.307358856201171875e+02 3.461057617187500000e+03 1.182931900024414062e+02 1.267733840942382812e+02 1.288781372070312500e+03 3.510076904296875000e+02 2.369361877441406250e+02 3.535016784667968750e+02 5.444793701171875000e+02 9.684184265136718750e+01 2.009159698486328125e+02 3.608179321289062500e+02
6.612194824218750000e+01 4.057680969238281250e+02 3.867660140991210938e+01 9.546502685546875000e+01 1.323134155273437500e+02 3.511872558593750000e+03 1.221031341552734375e+02 1.192737350463867188e+02 1.303912841796875000e+03 3.122457275390625000e+02 2.208014068603515625e+02 3.372292785644531250e+02 5.243256225585937500e+02 8.777265930175781250e+01 1.995769653320312500e+02 3.307476501464843750e+02
7.591825866699218750e+01 4.415581359863281250e+02 5.238697814941406250e+01 1.077025909423828125e+02 1.386262207031250000e+02 3.272643066406250000e+03 1.339506683349609375e+02 1.304002380371093750e+02 1.202382812500000000e+03 3.025481567382812500e+02 2.369372100830078125e+02 3.507648315429687500e+02 5.306183471679687500e+02 8.756266784667968750e+01 2.111672973632812500e+02 3.642301635742187500e+02
8.734426879882812500e+01 4.442303771972656250e+02 5.389491271972656250e+01 1.025246582031250000e+02 1.357049255371093750e+02 3.110526611328125000e+03 1.351112060546875000e+02 1.321988220214843750e+02 1.226660278320312500e+03 3.172689208984375000e+02 2.300606689453125000e+02 3.452141418457031250e+02 5.439077148437500000e+02 8.831809234619140625e+01 2.086069641113281250e+02 3.700779418945312500e+02
8.778347778320312500e+01 4.359713439941406250e+02 4.992311859130859375e+01 9.480459594726562500e+01 1.339610595703125000e+02 2.971476074218750000e+03 1.311484375000000000e+02 1.290971069335937500e+02 1.299034423828125000e+03 3.311405944824218750e+02 2.301601409912109375e+02 3.425160827636718750e+02 5.784344482421875000e+02 8.647904968261718750e+01 1.990201416015625000e+02 3.603144226074218750e+02
7.279846191406250000e+01 4.306717834472656250e+02 5.207806396484375000e+01 9.011540222167968750e+01 1.368613586425781250e+02 3.004434082031250000e+03 1.288152770996093750e+02 1.226974945068359375e+02 1.382166870117187500e+03 3.270067443847656250e+02 2.266991729736328125e+02 3.276429748535156250e+02 5.875310058593750000e+02 9.546563720703125000e+01 1.991634826660156250e+02 3.417704162597656250e+02
7.637281799316406250e+01 4.302985229492187500e+02 6.252903747558593750e+01 9.056132507324218750e+01 1.368951721191406250e+02 3.163804199218750000e+03 1.270254516601562500e+02 1.247143859863281250e+02 1.377338012695312500e+03 3.013587646484375000e+02 2.190537567138671875e+02 3.378306274414062500e+02 5.971047973632812500e+02 1.099400024414062500e+02 2.216017150878906250e+02 3.343028259277343750e+02
8.523645019531250000e+01 4.586565856933593750e+02 6.739389038085937500e+01 1.003184051513671875e+02 1.403016967773437500e+02 3.307870117187500000e+03 1.254361572265625000e+02 1.334342193603515625e+02 1.348523071289062500e+03 2.820884399414062500e+02 2.361462097167968750e+02 3.533880615234375000e+02 5.870856933593750000e+02 1.190373687744140625e+02 2.528761596679687500e+02 3.480045776367187500e+02
8.103507995605468750e+01 4.497197875976562500e+02 6.520791625976562500e+01 9.765164184570312500e+01 1.448699798583984375e+02 3.264539062500000000e+03 1.319301452636718750e+02 1.249131774902343750e+02 1.377354736328125000e+03 2.800075073242187500e+02 2.395258941650390625e+02 3.433533630371093750e+02 5.700986938476562500e+02 1.177753601074218750e+02 2.725815429687500000e+02 3.556693725585937500e+02
8.892939758300781250e+01 4.587230224609375000e+02 6.365937042236328125e+01 1.034376525878906250e+02 1.487666931152343750e+02 3.440886474609375000e+03 1.378056640625000000e+02 1.230367431640625000e+02 1.388184814453125000e+03 3.007617492675781250e+02 2.461294708251953125e+02 3.506953125000000000e+02 5.639990234375000000e+02 1.275429611206054688e+02 2.756048278808593750e+02 3.701684570312500000e+02
9.153105926513671875e+01 4.702559204101562500e+02 6.149528884887695312e+01 1.197236480712890625e+02 1.492713928222656250e+02 3.316393798828125000e+03 1.392609100341796875e+02 1.229429779052734375e+02 1.632493530273437500e+03 2.990205688476562500e+02 2.606278686523437500e+02 3.506463317871093750e+02 5.732838134765625000e+02 1.258699111938476562e+02 2.769768981933593750e+02 3.856084594726562500e+02
8.854116821289062500e+01 4.549281616210937500e+02 5.996174240112304688e+01 1.167772521972656250e+02 1.462350463867187500e+02 3.336574707031250000e+03 1.333136901855468750e+02 1.167468414306640625e+02 1.690035766601562500e+03 2.893762207031250000e+02 2.508440246582031250e+02 3.330912780761718750e+02 5.743140258789062500e+02 1.169221267700195312e+02 2.624000854492187500e+02 3.899660034179687500e+02
9.587827301025390625e+01 4.551128540039062500e+02 6.482643127441406250e+01 1.164761810302734375e+02 1.502294616699218750e+02 3.250041503906250000e+03 1.360111236572265625e+02 1.191650161743164062e+02 1.670176147460937500e+03 2.793113708496093750e+02 2.497020568847656250e+02 3.383133239746093750e+02 5.680947875976562500e+02 1.323056030273437500e+02 2.710166320800781250e+02 3.811039123535156250e+02
1.005490264892578125e+02 4.734457397460937500e+02 6.633626556396484375e+01 1.225513610839843750e+02 1.695386352539062500e+02 3.460277099609375000e+03 1.447417602539062500e+02 1.148352661132812500e+02 1.741324951171875000e+03 2.891667175292968750e+02 2.632119750976562500e+02 3.467276916503906250e+02 5.706223144531250000e+02 1.417927398681640625e+02 2.529150390625000000e+02 4.023340148925781250e+02
8.899554443359375000e+01 4.786973266601562500e+02 5.996339035034179688e+01 1.185930633544921875e+02 1.718628997802734375e+02 3.311541503906250000e+03 1.401887207031250000e+02 1.072034835815429688e+02 1.761701538085937500e+03 2.936414794921875000e+02 2.487531890869140625e+02 3.384736328125000000e+02 5.545396118164062500e+02 1.265603485107421875e+02 2.649987182617187500e+02 4.017774047851562500e+02
7.859008789062500000e+01 4.485869750976562500e+02 4.839276123046875000e+01 1.191355438232421875e+02 1.622335662841796875e+02 3.372008789062500000e+03 1.308560485839843750e+02 1.088131103515625000e+02 1.623904907226562500e+03 2.966020202636718750e+02 2.353919372558593750e+02 3.059577331542968750e+02 5.420773315429687500e+02 1.223788299560546875e+02 2.628299865722656250e+02 3.854017028808593750e+02
7.033566284179687500e+01 4.300787048339843750e+02 4.313240814208984375e+01 1.143971099853515625e+02 1.519696655273437500e+02 3.451373779296875000e+03 1.275027160644531250e+02 1.010449066162109375e+02 1.626311279296875000e+03 3.007974243164062500e+02 2.278007507324218750e+02 2.859309082031250000e+02 5.478283691406250000e+02 1.272568664550781250e+02 2.379216613769531250e+02 3.803894042968750000e+02
6.551731109619140625e+01 4.607591552734375000e+02 5.312307357788085938e+01 1.312476806640625000e+02 1.715278930664062500e+02 3.613954345703125000e+03 1.272465744018554688e+02 1.094493331909179688e+02 1.556383178710937500e+03 3.155706176757812500e+02 2.388335418701171875e+02 3.344536132812500000e+02 5.692781982421875000e+02 1.214822921752929688e+02 2.437543945312500000e+02 3.882350769042968750e+02
7.264714050292968750e+01 4.648115234375000000e+02 5.991117477416992188e+01 1.271835403442382812e+02 1.854323730468750000e+02 3.549308105468750000e+03 1.285952453613281250e+02 1.108630828857421875e+02 1.459342529296875000e+03 3.646017761230468750e+02 2.520722808837890625e+02 3.631817626953125000e+02 5.569768066406250000e+02 1.160939788818359375e+02 2.475731811523437500e+02 3.988416748046875000e+02
7.028576660156250000e+01 4.845551757812500000e+02 5.704574203491210938e+01 1.139945373535156250e+02 1.826748809814453125e+02 3.515005615234375000e+03 1.225396804809570312e+02 1.058659591674804688e+02 1.403077514648437500e+03 3.568198242187500000e+02 2.572756347656250000e+02 3.592318115234375000e+02 5.401153564453125000e+02 1.052201766967773438e+02 2.515542449951171875e+02 4.056748046875000000e+02
7.768836975097656250e+01 4.905898742675781250e+02 5.875211334228515625e+01 1.103496093750000000e+02 1.879599456787109375e+02 3.561129882812500000e+03 1.228636016845703125e+02 1.058453369140625000e+02 1.398471557617187500e+03 3.546318664550781250e+02 2.732297363281250000e+02 3.694800109863281250e+02 5.561704711914062500e+02 9.485527038574218750e+01 2.593009338378906250e+02 4.131397094726562500e+02
8.124343872070312500e+01 4.976201171875000000e+02 5.774872589111328125e+01 1.232339935302734375e+02 1.915122375488281250e+02 3.556060546875000000e+03 1.245797042846679688e+02 1.067800827026367188e+02 1.392372680664062500e+03 3.354608459472656250e+02 2.709671936035156250e+02 3.600521850585937500e+02 5.670118408203125000e+02 9.200251007080078125e+01 2.504150390625000000e+02 4.197668457031250000e+02
8.725419616699218750e+01 4.950302124023437500e+02 6.038043975830078125e+01 1.209429168701171875e+02 1.970079650878906250e+02 3.687405273437500000e+03 1.314019317626953125e+02 1.110322875976562500e+02 1.360228515625000000e+03 3.266710205078125000e+02 2.658720703125000000e+02 3.633681640625000000e+02 5.802750854492187500e+02 9.627745056152343750e+01 2.340080718994140625e+02 4.347196960449218750e+02
8.359736633300781250e+01 4.851306457519531250e+02 5.755386734008789062e+01 1.193409118652343750e+02 1.965409545898437500e+02 3.463845947265625000e+03 1.440436706542968750e+02 1.075686492919921875e+02 1.291002929687500000e+03 3.400476379394531250e+02 2.551954193115234375e+02 3.694758300781250000e+02 5.729791870117187500e+02 1.041472625732421875e+02 2.241877899169921875e+02 4.100056762695312500e+02
9.451763153076171875e+01 4.501176147460937500e+02 5.391450500488281250e+01 1.165360870361328125e+02 1.916209411621093750e+02 3.353934570312500000e+03 1.350180969238281250e+02 1.054581680297851562e+02 1.247099609375000000e+03 3.185192871093750000e+02 2.421582641601562500e+02 3.384118652343750000e+02 5.957510375976562500e+02 1.025987091064453125e+02 2.085521545410156250e+02 3.926801147460937500e+02
9.245028686523437500e+01 4.568790893554687500e+02 4.979351425170898438e+01 1.192068328857421875e+02 1.881443786621093750e+02 3.436348144531250000e+03 1.313135681152343750e+02 1.046195831298828125e+02 1.310211669921875000e+03 3.286787109375000000e+02 2.419959869384765625e+02 3.360991516113281250e+02 6.158575439453125000e+02 9.706770324707031250e+01 2.068358612060546875e+02 4.109419860839843750e+02
9.976641082763671875e+01 4.405021667480468750e+02 4.837262725830078125e+01 1.197720489501953125e+02 1.820423583984375000e+02 3.573958007812500000e+03 1.327179870605468750e+02 1.052942123413085938e+02 1.265498291015625000e+03 3.086238403320312500e+02 2.436369171142578125e+02 3.274635620117187500e+02 6.153408203125000000e+02 1.044169006347656250e+02 1.968457946777343750e+02 4.058774414062500000e+02
1.070935897827148438e+02 4.493144531250000000e+02 5.340681457519531250e+01 1.226937561035156250e+02 1.862991638183593750e+02 3.777552734375000000e+03 1.363968353271484375e+02 1.088747634887695312e+02 1.202984008789062500e+03 3.154687500000000000e+02 2.555397186279296875e+02 3.200585632324218750e+02 6.069482421875000000e+02 1.088154220581054688e+02 1.953101348876953125e+02 4.189760437011718750e+02
9.771765136718750000e+01 4.661141357421875000e+02 5.727062606811523438e+01 1.341190338134765625e+02 1.906091308593750000e+02 3.799152587890625000e+03 1.353334655761718750e+02 1.116324081420898438e+02 1.275173339843750000e+03 3.330815124511718750e+02 2.785386962890625000e+02 3.318835754394531250e+02 5.909137573242187500e+02 1.113294067382812500e+02 2.014342803955078125e+02 4.299417724609375000e+02
1.079138717651367188e+02 4.790957336425781250e+02 6.314844894409179688e+01 1.366143188476562500e+02 1.950472717285156250e+02 3.943325683593750000e+03 1.325234985351562500e+02 1.218319778442382812e+02 1.254509277343750000e+03 3.578867187500000000e+02 2.835772094726562500e+02 3.474821472167968750e+02 5.879957885742187500e+02 1.127845382690429688e+02 2.023111572265625000e+02 4.324594726562500000e+02
1.138266525268554688e+02 4.722304992675781250e+02 7.063763427734375000e+01 1.364056091308593750e+02 1.965640106201171875e+02 4.057186767578125000e+03 1.366862182617187500e+02 1.227077102661132812e+02 1.220753662109375000e+03 3.687286987304687500e+02 2.888710327148437500e+02 3.455420837402343750e+02 5.641883544921875000e+02 1.055457992553710938e+02 1.962726287841796875e+02 4.330190734863281250e+02
