1.011207046508789062e+02 5.016129455566406250e+02 7.409411621093750000e+01 1.217193450927734375e+02 1.341996154785156250e+02 3.758352050781250000e+03 1.768152008056640625e+02 1.709791564941406250e+02 1.651071533203125000e+03 3.604349975585937500e+02 2.928853454589843750e+02 3.564005737304687500e+02 5.529223632812500000e+02 1.358490905761718750e+02 2.372300720214843750e+02 3.539549255371093750e+02
1.030049896240234375e+02 5.002009277343750000e+02 7.275754547119140625e+01 1.235131683349609375e+02 1.347867889404296875e+02 3.785119873046875000e+03 1.735885314941406250e+02 1.712698669433593750e+02 1.643853637695312500e+03 3.521229248046875000e+02 2.953925781250000000e+02 3.601138305664062500e+02 5.450635986328125000e+02 1.302035675048828125e+02 2.431916809082031250e+02 3.547647705078125000e+02
9.996770477294921875e+01 4.980043029785156250e+02 6.967345428466796875e+01 1.239968109130859375e+02 1.355031127929687500e+02 3.793499511718750000e+03 1.708083801269531250e+02 1.691987457275390625e+02 1.646058471679687500e+03 3.447197875976562500e+02 2.933410949707031250e+02 3.596386108398437500e+02 5.340290527343750000e+02 1.235486755371093750e+02 2.513920898437500000e+02 3.536504821777343750e+02
9.918284606933593750e+01 4.920510253906250000e+02 6.596595764160156250e+01 1.228085632324218750e+02 1.356766967773437500e+02 3.722628906250000000e+03 1.677308044433593750e+02 1.655698547363281250e+02 1.628462158203125000e+03 3.395904235839843750e+02 2.865428771972656250e+02 3.578789672851562500e+02 5.331154174804687500e+02 1.192813644409179688e+02 2.554831542968750000e+02 3.493299560546875000e+02
9.915127563476562500e+01 4.934901123046875000e+02 6.394914627075195312e+01 1.218941345214843750e+02 1.366164245605468750e+02 3.715385253906250000e+03 1.640363616943359375e+02 1.651245422363281250e+02 1.606419433593750000e+03 3.421957397460937500e+02 2.870563964843750000e+02 3.581297607421875000e+02 5.290589599609375000e+02 1.165182647705078125e+02 2.597913818359375000e+02 3.484830932617187500e+02
9.498732757568359375e+01 4.961635437011718750e+02 6.065850067138671875e+01 1.211302642822265625e+02 1.368899536132812500e+02 3.685915039062500000e+03 1.613068237304687500e+02 1.665228271484375000e+02 1.598772949218750000e+03 3.474664916992187500e+02 2.889769592285156250e+02 3.569812011718750000e+02 5.210424804687500000e+02 1.161786041259765625e+02 2.630478820800781250e+02 3.499340820312500000e+02
9.086499023437500000e+01 4.989711914062500000e+02 5.688888549804687500e+01 1.198746337890625000e+02 1.367102966308593750e+02 3.608480224609375000e+03 1.616316986083984375e+02 1.665224304199218750e+02 1.580740478515625000e+03 3.525054016113281250e+02 2.928069458007812500e+02 3.551047973632812500e+02 5.175111083984375000e+02 1.129997940063476562e+02 2.639723815917968750e+02 3.504705810546875000e+02
8.834722900390625000e+01 5.006369323730468750e+02 5.552508926391601562e+01 1.188181915283203125e+02 1.377495422363281250e+02 3.553112792968750000e+03 1.606952514648437500e+02 1.671665191650390625e+02 1.558914428710937500e+03 3.522793884277343750e+02 2.964296264648437500e+02 3.543429870605468750e+02 5.201134643554687500e+02 1.116205444335937500e+02 2.537990722656250000e+02 3.491448059082031250e+02
8.405148315429687500e+01 4.931024169921875000e+02 5.143049240112304688e+01 1.138175506591796875e+02 1.374990539550781250e+02 3.462082763671875000e+03 1.576507720947265625e+02 1.634103393554687500e+02 1.534875976562500000e+03 3.445468750000000000e+02 2.954271850585937500e+02 3.516464843750000000e+02 5.138209838867187500e+02 1.089833984375000000e+02 2.466495208740234375e+02 3.478415222167968750e+02
8.147013854980468750e+01 4.772207031250000000e+02 4.478485107421875000e+01 1.065141601562500000e+02 1.362431182861328125e+02 3.319864746093750000e+03 1.532705078125000000e+02 1.573054809570312500e+02 1.464789794921875000e+03 3.371783447265625000e+02 2.875568847656250000e+02 3.495260314941406250e+02 4.999017639160156250e+02 1.050481719970703125e+02 2.361995544433593750e+02 3.376976318359375000e+02
7.521459197998046875e+01 4.535735473632812500e+02 3.803395462036132812e+01 9.529409790039062500e+01 1.349105529785156250e+02 3.177730957031250000e+03 1.452380676269531250e+02 1.464747009277343750e+02 1.368218872070312500e+03 3.221911926269531250e+02 2.725514526367187500e+02 3.438369140625000000e+02 4.747155761718750000e+02 9.924696350097656250e+01 2.222256011962890625e+02 3.244175720214843750e+02
6.865975952148437500e+01 4.236849365234375000e+02 2.735025787353515625e+01 7.963491821289062500e+01 1.295880737304687500e+02 3.098042480468750000e+03 1.347802734375000000e+02 1.329006805419921875e+02 1.266254028320312500e+03 3.049011840820312500e+02 2.505700988769531250e+02 3.323199768066406250e+02 4.238106384277343750e+02 9.317269897460937500e+01 2.020890808105468750e+02 3.079083862304687500e+02
6.171039581298828125e+01 3.936804504394531250e+02 1.625298690795898438e+01 6.764237976074218750e+01 1.209726028442382812e+02 3.078609375000000000e+03 1.256391372680664062e+02 1.199724655151367188e+02 1.211137573242187500e+03 2.906330871582031250e+02 2.298332519531250000e+02 3.113008728027343750e+02 3.668028564453125000e+02 8.893855285644531250e+01 1.854990844726562500e+02 2.946820068359375000e+02
6.101581573486328125e+01 3.874030151367187500e+02 1.258209991455078125e+01 6.743649291992187500e+01 1.098090286254882812e+02 3.078819335937500000e+03 1.241709747314453125e+02 1.172044754028320312e+02 1.174803955078125000e+03 2.873505249023437500e+02 2.254672393798828125e+02 2.888119201660156250e+02 3.280445556640625000e+02 8.891224670410156250e+01 1.740165405273437500e+02 2.936173706054687500e+02
6.633525848388671875e+01 4.061075134277343750e+02 1.702995300292968750e+01 8.050624084472656250e+01 1.091974029541015625e+02 3.131503906250000000e+03 1.301630859375000000e+02 1.245281982421875000e+02 1.197906005859375000e+03 3.015463256835937500e+02 2.398813018798828125e+02 2.821269226074218750e+02 3.426144409179687500e+02 9.394844818115234375e+01 1.758929901123046875e+02 3.069168701171875000e+02
7.539212036132812500e+01 4.428532714843750000e+02 2.685355377197265625e+01 1.027960205078125000e+02 1.194941177368164062e+02 3.304485839843750000e+03 1.402979736328125000e+02 1.372532043457031250e+02 1.250655761718750000e+03 3.269135131835937500e+02 2.671415405273437500e+02 2.992131958007812500e+02 3.952659301757812500e+02 1.022625122070312500e+02 1.883547363281250000e+02 3.295501403808593750e+02
8.182759094238281250e+01 4.687959594726562500e+02 3.460305786132812500e+01 1.181806488037109375e+02 1.266782760620117188e+02 3.473058349609375000e+03 1.479881591796875000e+02 1.476449584960937500e+02 1.300415283203125000e+03 3.467130737304687500e+02 2.876274719238281250e+02 3.155562744140625000e+02 4.303669738769531250e+02 1.078769989013671875e+02 1.973888244628906250e+02 3.466451721191406250e+02
8.505641174316406250e+01 4.822474670410156250e+02 3.939592742919921875e+01 1.270767364501953125e+02 1.279850158691406250e+02 3.571670166015625000e+03 1.521923675537109375e+02 1.528124542236328125e+02 1.334695068359375000e+03 3.580474853515625000e+02 2.971624145507812500e+02 3.203674316406250000e+02 4.557966918945312500e+02 1.109550933837890625e+02 2.020432586669921875e+02 3.582911987304687500e+02
8.748471832275390625e+01 4.900025939941406250e+02 4.241400527954101562e+01 1.323883972167968750e+02 1.285384216308593750e+02 3.631298828125000000e+03 1.542615051269531250e+02 1.554476165771484375e+02 1.349172241210937500e+03 3.647110900878906250e+02 3.028068237304687500e+02 3.211646423339843750e+02 4.689258422851562500e+02 1.136668319702148438e+02 2.077118988037109375e+02 3.672203979492187500e+02
8.889408874511718750e+01 4.906619567871093750e+02 4.403763580322265625e+01 1.370972595214843750e+02 1.284744262695312500e+02 3.693913574218750000e+03 1.540552825927734375e+02 1.577078552246093750e+02 1.360789062500000000e+03 3.689036254882812500e+02 3.061351013183593750e+02 3.197463989257812500e+02 4.663613891601562500e+02 1.159293670654296875e+02 2.105072784423828125e+02 3.749509582519531250e+02
9.119691467285156250e+01 4.900647583007812500e+02 4.417710876464843750e+01 1.407046966552734375e+02 1.261528930664062500e+02 3.715735107421875000e+03 1.552204132080078125e+02 1.582384033203125000e+02 1.359971557617187500e+03 3.716128234863281250e+02 3.060181579589843750e+02 3.145659179687500000e+02 4.528174133300781250e+02 1.172917633056640625e+02 2.139283142089843750e+02 3.808359375000000000e+02
9.317626190185546875e+01 4.919505615234375000e+02 4.567603302001953125e+01 1.450710906982421875e+02 1.244992523193359375e+02 3.739210937500000000e+03 1.557896881103515625e+02 1.597241973876953125e+02 1.376631347656250000e+03 3.691383666992187500e+02 3.075196838378906250e+02 3.120448303222656250e+02 4.401699523925781250e+02 1.174449844360351562e+02 2.131269226074218750e+02 3.830854187011718750e+02
9.901689910888671875e+01 4.961629638671875000e+02 5.369050598144531250e+01 1.616172485351562500e+02 1.215756683349609375e+02 3.878136230468750000e+03 1.592069549560546875e+02 1.619598541259765625e+02 1.419796142578125000e+03 3.787960815429687500e+02 3.140072937011718750e+02 2.934262084960937500e+02 4.698857421875000000e+02 1.160544128417968750e+02 2.221366271972656250e+02 3.874003295898437500e+02
9.421214294433593750e+01 4.618143310546875000e+02 5.160519790649414062e+01 1.494904632568359375e+02 1.236583786010742188e+02 3.755768554687500000e+03 1.503221435546875000e+02 1.505647583007812500e+02 1.411237915039062500e+03 3.746949157714843750e+02 2.919989013671875000e+02 2.793543395996093750e+02 4.906823120117187500e+02 1.082851333618164062e+02 2.197771301269531250e+02 3.698465576171875000e+02
8.664120483398437500e+01 4.267990112304687500e+02 4.597343826293945312e+01 1.307941741943359375e+02 1.225815887451171875e+02 3.657121337890625000e+03 1.394789123535156250e+02 1.384854125976562500e+02 1.394400756835937500e+03 3.686106872558593750e+02 2.665772705078125000e+02 2.710325927734375000e+02 5.038175964355468750e+02 1.007279968261718750e+02 2.143267517089843750e+02 3.507811279296875000e+02
7.881753540039062500e+01 3.951157531738281250e+02 3.893233489990234375e+01 1.122042694091796875e+02 1.174094848632812500e+02 3.485494628906250000e+03 1.310096435546875000e+02 1.266215057373046875e+02 1.361858764648437500e+03 3.627890014648437500e+02 2.433780364990234375e+02 2.622095031738281250e+02 5.070462646484375000e+02 9.440792846679687500e+01 2.036879272460937500e+02 3.312393798828125000e+02
7.173998260498046875e+01 3.754644470214843750e+02 3.373192596435546875e+01 9.974087524414062500e+01 1.133630447387695312e+02 3.355477050781250000e+03 1.256836318969726562e+02 1.184528198242187500e+02 1.346437744140625000e+03 3.568941040039062500e+02 2.271795349121093750e+02 2.566653747558593750e+02 5.015324707031250000e+02 9.000193786621093750e+01 1.975809020996093750e+02 3.193196716308593750e+02
6.910456848144531250e+01 3.702535095214843750e+02 3.151812744140625000e+01 9.495639038085937500e+01 1.109410095214843750e+02 3.289791259765625000e+03 1.226220550537109375e+02 1.142215118408203125e+02 1.350863769531250000e+03 3.573613891601562500e+02 2.219954681396484375e+02 2.626952514648437500e+02 5.014483032226562500e+02 8.786306762695312500e+01 1.947588195800781250e+02 3.163546752929687500e+02
6.761734008789062500e+01 3.733534240722656250e+02 3.256004333496093750e+01 9.527406311035156250e+01 1.104649734497070312e+02 3.260279296875000000e+03 1.220099029541015625e+02 1.146460571289062500e+02 1.384336791992187500e+03 3.661623535156250000e+02 2.219875183105468750e+02 2.729699096679687500e+02 5.056235961914062500e+02 8.813774108886718750e+01 1.945706176757812500e+02 3.203291015625000000e+02
6.788818359375000000e+01 3.805882873535156250e+02 3.400489807128906250e+01 9.738412475585937500e+01 1.096029281616210938e+02 3.243725585937500000e+03 1.230177078247070312e+02 1.153710479736328125e+02 1.417305786132812500e+03 3.702311096191406250e+02 2.245334777832031250e+02 2.761917724609375000e+02 5.049879150390625000e+02 8.960796356201171875e+01 1.937277832031250000e+02 3.267877502441406250e+02
6.943512725830078125e+01 3.936921386718750000e+02 3.681975173950195312e+01 1.037342224121093750e+02 1.121730880737304688e+02 3.313351562500000000e+03 1.247249908447265625e+02 1.202537841796875000e+02 1.457388916015625000e+03 3.780040283203125000e+02 2.315611877441406250e+02 2.859824218750000000e+02 5.103281860351562500e+02 9.086311340332031250e+01 1.905526580810546875e+02 3.338142700195312500e+02
7.105913543701171875e+01 4.050302429199218750e+02 4.091577148437500000e+01 1.116103210449218750e+02 1.134812850952148438e+02 3.405793701171875000e+03 1.256917037963867188e+02 1.246060256958007812e+02 1.483856567382812500e+03 3.860316162109375000e+02 2.379336242675781250e+02 2.939288024902343750e+02 5.139067382812500000e+02 9.228289794921875000e+01 1.893441925048828125e+02 3.403631591796875000e+02
7.303623199462890625e+01 4.184374694824218750e+02 4.600106048583984375e+01 1.216563110351562500e+02 1.135369110107421875e+02 3.547343994140625000e+03 1.264657135009765625e+02 1.277215194702148438e+02 1.509049316406250000e+03 3.949017944335937500e+02 2.442831268310546875e+02 3.003793945312500000e+02 5.213139648437500000e+02 9.448184967041015625e+01 1.913312988281250000e+02 3.482104797363281250e+02
7.615096282958984375e+01 4.333366699218750000e+02 5.175704956054687500e+01 1.329168090820312500e+02 1.133672409057617188e+02 3.668125732421875000e+03 1.286031188964843750e+02 1.324743041992187500e+02 1.532044311523437500e+03 4.022794189453125000e+02 2.529635162353515625e+02 3.078312377929687500e+02 5.297702636718750000e+02 9.686094665527343750e+01 1.991112976074218750e+02 3.589788208007812500e+02
8.077760314941406250e+01 4.564887084960937500e+02 5.753760528564453125e+01 1.457169494628906250e+02 1.151688613891601562e+02 3.816336181640625000e+03 1.348372344970703125e+02 1.396858520507812500e+02 1.557173706054687500e+03 4.150583190917968750e+02 2.656838989257812500e+02 3.124014587402343750e+02 5.425743408203125000e+02 1.005690917968750000e+02 2.124457550048828125e+02 3.733974304199218750e+02
8.449951171875000000e+01 4.941946411132812500e+02 5.807822036743164062e+01 1.523276824951171875e+02 1.158885498046875000e+02 3.837907714843750000e+03 1.423186950683593750e+02 1.513696899414062500e+02 1.390230468750000000e+03 3.760590209960937500e+02 2.842840881347656250e+02 3.217240295410156250e+02 5.062131958007812500e+02 1.051674423217773438e+02 2.114546966552734375e+02 3.920973510742187500e+02
8.955648803710937500e+01 5.062960815429687500e+02 6.131171035766601562e+01 1.533554229736328125e+02 1.176717071533203125e+02 3.948581787109375000e+03 1.459280395507812500e+02 1.543118286132812500e+02 1.401535644531250000e+03 3.682612304687500000e+02 2.869313964843750000e+02 3.253937072753906250e+02 5.113348388671875000e+02 1.061078796386718750e+02 2.156169891357421875e+02 4.008494873046875000e+02
9.252511596679687500e+01 5.055986938476562500e+02 6.181515884399414062e+01 1.492349548339843750e+02 1.179660873413085938e+02 3.901860595703125000e+03 1.473927307128906250e+02 1.529745941162109375e+02 1.415295166015625000e+03 3.668285217285156250e+02 2.839278564453125000e+02 3.245553894042968750e+02 5.201445312500000000e+02 1.040601043701171875e+02 2.140559692382812500e+02 3.996066894531250000e+02
9.136579895019531250e+01 5.079998779296875000e+02 6.321216201782226562e+01 1.456799468994140625e+02 1.193014221191406250e+02 4.032073730468750000e+03 1.465358428955078125e+02 1.526295776367187500e+02 1.456544555664062500e+03 3.665416259765625000e+02 2.820100708007812500e+02 3.232235717773437500e+02 5.292921752929687500e+02 1.049537048339843750e+02 2.144583129882812500e+02 3.967825317382812500e+02
9.302733612060546875e+01 5.067893676757812500e+02 6.571584320068359375e+01 1.425416412353515625e+02 1.198684158325195312e+02 3.983342529296875000e+03 1.458229370117187500e+02 1.523654022216796875e+02 1.481062744140625000e+03 3.669269714355468750e+02 2.793574218750000000e+02 3.246423645019531250e+02 5.395805053710937500e+02 1.088222808837890625e+02 2.201869354248046875e+02 3.916574707031250000e+02
9.446499633789062500e+01 5.064693908691406250e+02 6.808194732666015625e+01 1.406044921875000000e+02 1.205162124633789062e+02 4.011070068359375000e+03 1.455390930175781250e+02 1.540245208740234375e+02 1.491428222656250000e+03 3.530763244628906250e+02 2.763861694335937500e+02 3.260917358398437500e+02 5.444841308593750000e+02 1.132431335449218750e+02 2.276473541259765625e+02 3.877876281738281250e+02
9.573217773437500000e+01 5.033211669921875000e+02 6.857731628417968750e+01 1.385422973632812500e+02 1.219298858642578125e+02 3.997012207031250000e+03 1.464785919189453125e+02 1.510199584960937500e+02 1.487005615234375000e+03 3.409306945800781250e+02 2.760606994628906250e+02 3.254617919921875000e+02 5.451114501953125000e+02 1.149966888427734375e+02 2.381011047363281250e+02 3.851140136718750000e+02
9.671977996826171875e+01 5.032551574707031250e+02 6.941373443603515625e+01 1.391013793945312500e+02 1.235587692260742188e+02 3.929247070312500000e+03 1.473581848144531250e+02 1.495638580322265625e+02 1.482251464843750000e+03 3.417757873535156250e+02 2.769708862304687500e+02 3.276854858398437500e+02 5.479699707031250000e+02 1.181956787109375000e+02 2.488656158447265625e+02 3.858069152832031250e+02
9.897562408447265625e+01 5.024492187500000000e+02 6.896617889404296875e+01 1.405138549804687500e+02 1.238577346801757812e+02 3.816190185546875000e+03 1.490456085205078125e+02 1.455843200683593750e+02 1.526555053710937500e+03 3.371873168945312500e+02 2.790258789062500000e+02 3.273070678710937500e+02 5.504859619140625000e+02 1.216226806640625000e+02 2.597374267578125000e+02 3.895650634765625000e+02
1.001520080566406250e+02 5.036980590820312500e+02 6.782441711425781250e+01 1.413689270019531250e+02 1.238285751342773438e+02 3.794205810546875000e+03 1.508496246337890625e+02 1.431216125488281250e+02 1.581537475585937500e+03 3.327960815429687500e+02 2.801428833007812500e+02 3.249891967773437500e+02 5.519201049804687500e+02 1.217494583129882812e+02 2.613209228515625000e+02 3.926764221191406250e+02
1.027843475341796875e+02 5.044955444335937500e+02 6.806610870361328125e+01 1.404714202880859375e+02 1.253711318969726562e+02 3.731104736328125000e+03 1.534327087402343750e+02 1.430745086669921875e+02 1.606994140625000000e+03 3.248327026367187500e+02 2.811785278320312500e+02 3.245591735839843750e+02 5.513910522460937500e+02 1.249422378540039062e+02 2.647459716796875000e+02 3.927020263671875000e+02
1.030984954833984375e+02 5.103509216308593750e+02 6.820005798339843750e+01 1.427593383789062500e+02 1.307585449218750000e+02 3.765183593750000000e+03 1.555604705810546875e+02 1.413888549804687500e+02 1.654121582031250000e+03 3.271567993164062500e+02 2.860704650878906250e+02 3.254570617675781250e+02 5.529445190429687500e+02 1.296706695556640625e+02 2.628970947265625000e+02 3.964318847656250000e+02
1.025780334472656250e+02 5.103748168945312500e+02 6.606726074218750000e+01 1.433344726562500000e+02 1.333571624755859375e+02 3.717673339843750000e+03 1.540144958496093750e+02 1.373868713378906250e+02 1.670175781250000000e+03 3.285153198242187500e+02 2.841514587402343750e+02 3.250563964843750000e+02 5.508662719726562500e+02 1.304515991210937500e+02 2.626376342773437500e+02 4.001461791992187500e+02
9.935885620117187500e+01 5.053976135253906250e+02 6.227376556396484375e+01 1.453495025634765625e+02 1.338497314453125000e+02 3.718908447265625000e+03 1.515278778076171875e+02 1.354319915771484375e+02 1.687812500000000000e+03 3.287158508300781250e+02 2.822933959960937500e+02 3.189663391113281250e+02 5.478167724609375000e+02 1.318598937988281250e+02 2.624768066406250000e+02 3.969606628417968750e+02
9.434794616699218750e+01 5.004091186523437500e+02 5.932963180541992188e+01 1.468493957519531250e+02 1.336861572265625000e+02 3.668975341796875000e+03 1.500293121337890625e+02 1.321928405761718750e+02 1.698675292968750000e+03 3.257400207519531250e+02 2.813554077148437500e+02 3.136397094726562500e+02 5.475579223632812500e+02 1.335981292724609375e+02 2.592422485351562500e+02 3.957724914550781250e+02
9.122869873046875000e+01 5.054467163085937500e+02 6.012886810302734375e+01 1.526658325195312500e+02 1.380362243652343750e+02 3.720241943359375000e+03 1.499220275878906250e+02 1.324922332763671875e+02 1.686431030273437500e+03 3.259363403320312500e+02 2.824170532226562500e+02 3.186082458496093750e+02 5.477586059570312500e+02 1.344481811523437500e+02 2.615416564941406250e+02 3.988349914550781250e+02
9.338389587402343750e+01 5.094057617187500000e+02 6.090876007080078125e+01 1.559117431640625000e+02 1.426864318847656250e+02 3.740593750000000000e+03 1.501154632568359375e+02 1.334772033691406250e+02 1.654961181640625000e+03 3.376450195312500000e+02 2.866764526367187500e+02 3.266204833984375000e+02 5.458894042968750000e+02 1.321482849121093750e+02 2.635350646972656250e+02 4.057155761718750000e+02
9.176678466796875000e+01 5.162262573242187500e+02 5.912957382202148438e+01 1.557229614257812500e+02 1.444888610839843750e+02 3.764163085937500000e+03 1.491242218017578125e+02 1.322806396484375000e+02 1.630978393554687500e+03 3.489981384277343750e+02 2.920773620605468750e+02 3.285545043945312500e+02 5.404860839843750000e+02 1.268751296997070312e+02 2.613461303710937500e+02 4.115222167968750000e+02
9.108589935302734375e+01 5.166009521484375000e+02 5.842925262451171875e+01 1.538235626220703125e+02 1.468148040771484375e+02 3.756164550781250000e+03 1.488622283935546875e+02 1.310700836181640625e+02 1.614619384765625000e+03 3.608304138183593750e+02 2.949888610839843750e+02 3.308667602539062500e+02 5.405009765625000000e+02 1.212031555175781250e+02 2.571133728027343750e+02 4.134544067382812500e+02
9.244000244140625000e+01 5.219255981445312500e+02 5.809543991088867188e+01 1.562886352539062500e+02 1.483404541015625000e+02 3.805494628906250000e+03 1.473589477539062500e+02 1.319218139648437500e+02 1.597332397460937500e+03 3.637393493652343750e+02 2.971742858886718750e+02 3.320253601074218750e+02 5.418500976562500000e+02 1.175388717651367188e+02 2.512538604736328125e+02 4.158464965820312500e+02
9.216893768310546875e+01 5.211759643554687500e+02 5.795703125000000000e+01 1.548606567382812500e+02 1.497145233154296875e+02 3.809150146484375000e+03 1.469890441894531250e+02 1.325652313232421875e+02 1.582254638671875000e+03 3.621947937011718750e+02 2.961289062500000000e+02 3.315000610351562500e+02 5.423521118164062500e+02 1.138529129028320312e+02 2.448434600830078125e+02 4.176838684082031250e+02
