9.699562072753906250e+01 4.778328247070312500e+02 7.454578399658203125e+01 1.099541625976562500e+02 1.451816406250000000e+02 3.149653320312500000e+03 1.675778808593750000e+02 1.679987792968750000e+02 1.566400878906250000e+03 3.369734497070312500e+02 2.769922485351562500e+02 3.768602600097656250e+02 5.460835571289062500e+02 1.288853149414062500e+02 2.574219360351562500e+02 3.414201965332031250e+02
9.727545166015625000e+01 4.765873413085937500e+02 7.244882965087890625e+01 1.113341979980468750e+02 1.474951171875000000e+02 3.184766113281250000e+03 1.642756347656250000e+02 1.680382080078125000e+02 1.552437133789062500e+03 3.291746215820312500e+02 2.796123657226562500e+02 3.832088012695312500e+02 5.428493041992187500e+02 1.208475952148437500e+02 2.666312866210937500e+02 3.448826293945312500e+02
9.331526184082031250e+01 4.775352478027343750e+02 6.958817291259765625e+01 1.122439422607421875e+02 1.504078674316406250e+02 3.216253417968750000e+03 1.627849273681640625e+02 1.674138641357421875e+02 1.572188110351562500e+03 3.244276733398437500e+02 2.794837646484375000e+02 3.859818115234375000e+02 5.348963012695312500e+02 1.116571044921875000e+02 2.731848144531250000e+02 3.470887451171875000e+02
9.544686889648437500e+01 4.788350219726562500e+02 6.570717620849609375e+01 1.118122558593750000e+02 1.535103454589843750e+02 3.178549316406250000e+03 1.602974853515625000e+02 1.640433349609375000e+02 1.575105346679687500e+03 3.224207153320312500e+02 2.753222656250000000e+02 3.870383911132812500e+02 5.426804809570312500e+02 1.097111358642578125e+02 2.752770996093750000e+02 3.443952636718750000e+02
9.628825378417968750e+01 4.872884826660156250e+02 6.337837600708007812e+01 1.109708251953125000e+02 1.570422363281250000e+02 3.235943359375000000e+03 1.587052917480468750e+02 1.635664367675781250e+02 1.560842529296875000e+03 3.304086608886718750e+02 2.800379333496093750e+02 3.897636718750000000e+02 5.427720336914062500e+02 1.098011016845703125e+02 2.769403991699218750e+02 3.444750366210937500e+02
9.143382263183593750e+01 4.927972412109375000e+02 6.087296295166015625e+01 1.107494049072265625e+02 1.595534667968750000e+02 3.223642089843750000e+03 1.563871612548828125e+02 1.661773071289062500e+02 1.551541503906250000e+03 3.395873718261718750e+02 2.858735961914062500e+02 3.903813476562500000e+02 5.405719604492187500e+02 1.107072753906250000e+02 2.729188232421875000e+02 3.480991516113281250e+02
8.718513488769531250e+01 5.034918212890625000e+02 5.821696853637695312e+01 1.103189392089843750e+02 1.616768188476562500e+02 3.197114257812500000e+03 1.601452331542968750e+02 1.679959259033203125e+02 1.534797119140625000e+03 3.507589721679687500e+02 2.950965576171875000e+02 3.908213806152343750e+02 5.466347045898437500e+02 1.104134674072265625e+02 2.698605957031250000e+02 3.501417846679687500e+02
8.575428771972656250e+01 5.130448608398437500e+02 5.805621337890625000e+01 1.118631591796875000e+02 1.652355194091796875e+02 3.217255371093750000e+03 1.606654510498046875e+02 1.707552947998046875e+02 1.523520141601562500e+03 3.561658630371093750e+02 3.063400878906250000e+02 3.920628967285156250e+02 5.598850097656250000e+02 1.108854827880859375e+02 2.582920837402343750e+02 3.505147705078125000e+02
8.378215026855468750e+01 5.164530029296875000e+02 5.641318511962890625e+01 1.122137145996093750e+02 1.667033386230468750e+02 3.190643554687500000e+03 1.619754333496093750e+02 1.685594024658203125e+02 1.514557617187500000e+03 3.555804748535156250e+02 3.137651977539062500e+02 3.906068725585937500e+02 5.662260742187500000e+02 1.110187454223632812e+02 2.494129943847656250e+02 3.525102844238281250e+02
8.513671875000000000e+01 5.163552856445312500e+02 5.447559356689453125e+01 1.132972259521484375e+02 1.673420715332031250e+02 3.188387451171875000e+03 1.616315612792968750e+02 1.685466918945312500e+02 1.485525878906250000e+03 3.540351867675781250e+02 3.196300659179687500e+02 3.906311645507812500e+02 5.627185668945312500e+02 1.109666519165039062e+02 2.414141387939453125e+02 3.500917053222656250e+02
8.427807617187500000e+01 5.169840087890625000e+02 5.474722290039062500e+01 1.132881317138671875e+02 1.683062744140625000e+02 3.212934082031250000e+03 1.601176910400390625e+02 1.674195098876953125e+02 1.448586669921875000e+03 3.528678588867187500e+02 3.232695922851562500e+02 3.891294555664062500e+02 5.621025390625000000e+02 1.096020660400390625e+02 2.367394104003906250e+02 3.496900939941406250e+02
8.298945617675781250e+01 5.169473876953125000e+02 5.322844696044921875e+01 1.129308319091796875e+02 1.678374023437500000e+02 3.173643554687500000e+03 1.582045440673828125e+02 1.652841339111328125e+02 1.418729003906250000e+03 3.543011779785156250e+02 3.261039123535156250e+02 3.857979125976562500e+02 5.564641113281250000e+02 1.097513885498046875e+02 2.306017150878906250e+02 3.493361816406250000e+02
8.164297485351562500e+01 5.135918579101562500e+02 5.116125488281250000e+01 1.113073425292968750e+02 1.677682189941406250e+02 3.152891113281250000e+03 1.550115661621093750e+02 1.623449401855468750e+02 1.397592773437500000e+03 3.549227905273437500e+02 3.262514953613281250e+02 3.810462646484375000e+02 5.454789428710937500e+02 1.105155868530273438e+02 2.311952362060546875e+02 3.524851684570312500e+02
8.287648010253906250e+01 5.094208068847656250e+02 5.005870056152343750e+01 1.091794281005859375e+02 1.658840332031250000e+02 3.121199951171875000e+03 1.525259399414062500e+02 1.608611450195312500e+02 1.357848510742187500e+03 3.498112182617187500e+02 3.236813354492187500e+02 3.750787353515625000e+02 5.294993896484375000e+02 1.113273544311523438e+02 2.260887908935546875e+02 3.552336425781250000e+02
8.257893371582031250e+01 4.983946228027343750e+02 4.848132705688476562e+01 1.063490753173828125e+02 1.634252166748046875e+02 3.082693115234375000e+03 1.507239379882812500e+02 1.582382202148437500e+02 1.328147338867187500e+03 3.495928039550781250e+02 3.161010437011718750e+02 3.656383056640625000e+02 5.088141479492187500e+02 1.116462249755859375e+02 2.219873657226562500e+02 3.565333251953125000e+02
8.086996459960937500e+01 4.849441528320312500e+02 4.576300048828125000e+01 1.012937469482421875e+02 1.585983581542968750e+02 3.006985351562500000e+03 1.462174835205078125e+02 1.516548767089843750e+02 1.280395263671875000e+03 3.501798706054687500e+02 3.063765869140625000e+02 3.520888061523437500e+02 4.869537658691406250e+02 1.115010375976562500e+02 2.177268676757812500e+02 3.547561950683593750e+02
7.704109954833984375e+01 4.655704956054687500e+02 4.222405242919921875e+01 9.159828186035156250e+01 1.537446899414062500e+02 2.919498779296875000e+03 1.415534210205078125e+02 1.463657531738281250e+02 1.242220336914062500e+03 3.455573120117187500e+02 2.937817993164062500e+02 3.424536132812500000e+02 4.599444274902343750e+02 1.084077301025390625e+02 2.102214202880859375e+02 3.494552001953125000e+02
6.711013793945312500e+01 4.211423950195312500e+02 3.203857040405273438e+01 7.049331665039062500e+01 1.455137634277343750e+02 2.811304199218750000e+03 1.300627136230468750e+02 1.303343200683593750e+02 1.168100097656250000e+03 3.237412109375000000e+02 2.589569091796875000e+02 3.255273437500000000e+02 4.143559265136718750e+02 9.998122406005859375e+01 1.944982910156250000e+02 3.307944335937500000e+02
5.338661193847656250e+01 3.563857116699218750e+02 1.476948165893554688e+01 3.843719482421875000e+01 1.319393463134765625e+02 2.647274414062500000e+03 1.123200683593750000e+02 1.065328750610351562e+02 1.041007568359375000e+03 2.860025329589843750e+02 2.094124603271484375e+02 2.921633605957031250e+02 3.364897460937500000e+02 8.822750091552734375e+01 1.736763610839843750e+02 2.989169921875000000e+02
4.789083099365234375e+01 3.257261657714843750e+02 8.165699005126953125e+00 2.749430847167968750e+01 1.101612167358398438e+02 2.588595703125000000e+03 1.034578323364257812e+02 9.809402465820312500e+01 1.007125366210937500e+03 2.728110961914062500e+02 1.898369445800781250e+02 2.602417907714843750e+02 2.951745605468750000e+02 8.507928466796875000e+01 1.673231811523437500e+02 2.923124694824218750e+02
5.732318115234375000e+01 3.507077636718750000e+02 1.895790863037109375e+01 4.474011230468750000e+01 1.100699462890625000e+02 2.718781738281250000e+03 1.111767578125000000e+02 1.092132034301757812e+02 1.068746093750000000e+03 2.961317749023437500e+02 2.120110778808593750e+02 2.768327331542968750e+02 3.540808105468750000e+02 9.390245056152343750e+01 1.846119995117187500e+02 3.224262695312500000e+02
6.744576263427734375e+01 3.812933349609375000e+02 3.251285934448242188e+01 6.498970031738281250e+01 1.163059005737304688e+02 2.865630371093750000e+03 1.189633178710937500e+02 1.225528182983398438e+02 1.154910278320312500e+03 3.131505126953125000e+02 2.386037292480468750e+02 2.956263427734375000e+02 4.033583068847656250e+02 1.016915283203125000e+02 1.996722717285156250e+02 3.498406677246093750e+02
1.065338134765625000e+02 5.108375854492187500e+02 7.780856323242187500e+01 1.606474609375000000e+02 1.503515777587890625e+02 3.240759765625000000e+03 1.581606750488281250e+02 1.729756164550781250e+02 1.425605957031250000e+03 3.879824523925781250e+02 3.426187744140625000e+02 3.504805908203125000e+02 5.754739379882812500e+02 1.272057723999023438e+02 2.509627532958984375e+02 4.420607910156250000e+02
1.063331909179687500e+02 4.972545166015625000e+02 7.641208648681640625e+01 1.615798034667968750e+02 1.471283721923828125e+02 3.352509277343750000e+03 1.559987487792968750e+02 1.692162170410156250e+02 1.446620361328125000e+03 3.975046997070312500e+02 3.331826477050781250e+02 3.393479614257812500e+02 5.881039428710937500e+02 1.240053329467773438e+02 2.502384185791015625e+02 4.338982238769531250e+02
1.018306427001953125e+02 4.755476379394531250e+02 7.060900878906250000e+01 1.534771118164062500e+02 1.422710571289062500e+02 3.429298339843750000e+03 1.490011138916015625e+02 1.622129669189453125e+02 1.441369018554687500e+03 3.998064575195312500e+02 3.138117675781250000e+02 3.314250488281250000e+02 5.879636840820312500e+02 1.181220092773437500e+02 2.461890869140625000e+02 4.180976562500000000e+02
9.601719665527343750e+01 4.522394409179687500e+02 6.297248077392578125e+01 1.444744262695312500e+02 1.349355621337890625e+02 3.428559814453125000e+03 1.452307434082031250e+02 1.528414459228515625e+02 1.407358886718750000e+03 3.992026367187500000e+02 2.949906005859375000e+02 3.211065979003906250e+02 5.814965820312500000e+02 1.126216583251953125e+02 2.352222290039062500e+02 3.964649353027343750e+02
8.730906677246093750e+01 4.360894470214843750e+02 5.583778381347656250e+01 1.365636138916015625e+02 1.294320373535156250e+02 3.428440917968750000e+03 1.424124450683593750e+02 1.442339324951171875e+02 1.389867675781250000e+03 3.925653686523437500e+02 2.778862304687500000e+02 3.117226257324218750e+02 5.681348876953125000e+02 1.074374618530273438e+02 2.279326019287109375e+02 3.803068237304687500e+02
8.368377685546875000e+01 4.329191894531250000e+02 5.033700180053710938e+01 1.316502990722656250e+02 1.265015792846679688e+02 3.354312011718750000e+03 1.386458892822265625e+02 1.375053100585937500e+02 1.383386108398437500e+03 3.923852844238281250e+02 2.707770996093750000e+02 3.132072143554687500e+02 5.624683227539062500e+02 1.037058868408203125e+02 2.229978485107421875e+02 3.716267089843750000e+02
7.883158874511718750e+01 4.324420776367187500e+02 4.717279052734375000e+01 1.268718032836914062e+02 1.247057647705078125e+02 3.358166259765625000e+03 1.363879394531250000e+02 1.356564025878906250e+02 1.401993774414062500e+03 3.983364257812500000e+02 2.638957824707031250e+02 3.169531860351562500e+02 5.597622680664062500e+02 1.024977264404296875e+02 2.179444427490234375e+02 3.678237609863281250e+02
7.547544097900390625e+01 4.303168945312500000e+02 4.254544830322265625e+01 1.190114288330078125e+02 1.227437744140625000e+02 3.281251464843750000e+03 1.348234405517578125e+02 1.309890747070312500e+02 1.401903076171875000e+03 3.908616638183593750e+02 2.556405181884765625e+02 3.142755126953125000e+02 5.518483276367187500e+02 1.018774032592773438e+02 2.088756408691406250e+02 3.627473144531250000e+02
7.259136962890625000e+01 4.323552246093750000e+02 3.869008255004882812e+01 1.143531494140625000e+02 1.247186508178710938e+02 3.220706054687500000e+03 1.328006286621093750e+02 1.319450683593750000e+02 1.396428833007812500e+03 3.846352844238281250e+02 2.512871551513671875e+02 3.190000610351562500e+02 5.484274291992187500e+02 9.966752624511718750e+01 1.954401550292968750e+02 3.552458496093750000e+02
6.905477142333984375e+01 4.251442871093750000e+02 3.562449645996093750e+01 1.083849487304687500e+02 1.254261932373046875e+02 3.121764892578125000e+03 1.280908660888671875e+02 1.297963867187500000e+02 1.355808471679687500e+03 3.757355957031250000e+02 2.429355316162109375e+02 3.212514343261718750e+02 5.463538818359375000e+02 9.757998657226562500e+01 1.868581542968750000e+02 3.458489990234375000e+02
6.555100250244140625e+01 4.168244628906250000e+02 3.260100936889648438e+01 1.038075408935546875e+02 1.234269943237304688e+02 3.061309082031250000e+03 1.227470245361328125e+02 1.247246093750000000e+02 1.324141479492187500e+03 3.687502136230468750e+02 2.338571624755859375e+02 3.222155151367187500e+02 5.459805297851562500e+02 9.648422241210937500e+01 1.819252471923828125e+02 3.375041503906250000e+02
6.526135253906250000e+01 4.066211547851562500e+02 2.978440856933593750e+01 9.804139709472656250e+01 1.195032577514648438e+02 3.046504882812500000e+03 1.201389312744140625e+02 1.208617935180664062e+02 1.278883178710937500e+03 3.538777465820312500e+02 2.254730987548828125e+02 3.232997741699218750e+02 5.419608764648437500e+02 9.466622924804687500e+01 1.816921234130859375e+02 3.322118225097656250e+02
6.441287994384765625e+01 4.053188476562500000e+02 2.848738098144531250e+01 9.363291931152343750e+01 1.185435028076171875e+02 3.068898925781250000e+03 1.219687576293945312e+02 1.196733779907226562e+02 1.265695312500000000e+03 3.446798706054687500e+02 2.222022705078125000e+02 3.213200073242187500e+02 5.392055664062500000e+02 9.292181396484375000e+01 1.864197082519531250e+02 3.274284362792968750e+02
7.417446899414062500e+01 4.489145507812500000e+02 5.151416397094726562e+01 1.212707214355468750e+02 1.288888854980468750e+02 3.171841796875000000e+03 1.308118286132812500e+02 1.347977294921875000e+02 1.215559448242187500e+03 3.316798400878906250e+02 2.501615753173828125e+02 3.407045898437500000e+02 5.222451171875000000e+02 9.528884124755859375e+01 2.022153625488281250e+02 3.687673339843750000e+02
8.017439270019531250e+01 4.586350097656250000e+02 5.556285858154296875e+01 1.205454864501953125e+02 1.287304992675781250e+02 3.239523437500000000e+03 1.338540039062500000e+02 1.371562805175781250e+02 1.226653076171875000e+03 3.261255493164062500e+02 2.501405334472656250e+02 3.402149353027343750e+02 5.276683349609375000e+02 9.538526916503906250e+01 2.067892761230468750e+02 3.781436767578125000e+02
8.360952758789062500e+01 4.575720214843750000e+02 5.592768096923828125e+01 1.157861022949218750e+02 1.277161178588867188e+02 3.189938476562500000e+03 1.344605560302734375e+02 1.359533233642578125e+02 1.253387939453125000e+03 3.272464599609375000e+02 2.477228698730468750e+02 3.377326965332031250e+02 5.403627929687500000e+02 9.342105865478515625e+01 2.053233795166015625e+02 3.765514526367187500e+02
8.064694213867187500e+01 4.586590576171875000e+02 5.734782791137695312e+01 1.117215576171875000e+02 1.278643493652343750e+02 3.167369628906250000e+03 1.336125793457031250e+02 1.345204925537109375e+02 1.309190673828125000e+03 3.281482849121093750e+02 2.458380279541015625e+02 3.320177307128906250e+02 5.510299072265625000e+02 9.551938629150390625e+01 2.057303314208984375e+02 3.705952453613281250e+02
8.195979309082031250e+01 4.579884033203125000e+02 6.124660110473632812e+01 1.093668823242187500e+02 1.275773086547851562e+02 3.194233886718750000e+03 1.328569946289062500e+02 1.344655303955078125e+02 1.342623413085937500e+03 3.244212036132812500e+02 2.427521209716796875e+02 3.313267211914062500e+02 5.613569335937500000e+02 1.016432800292968750e+02 2.140509490966796875e+02 3.633882446289062500e+02
8.484587097167968750e+01 4.643597717285156250e+02 6.482789611816406250e+01 1.103697052001953125e+02 1.281730651855468750e+02 3.257760742187500000e+03 1.323645172119140625e+02 1.375621185302734375e+02 1.356207519531250000e+03 3.103672485351562500e+02 2.443906097412109375e+02 3.343019714355468750e+02 5.637185668945312500e+02 1.084839172363281250e+02 2.281587219238281250e+02 3.617763671875000000e+02
8.581526947021484375e+01 4.644309997558593750e+02 6.581390380859375000e+01 1.100550994873046875e+02 1.297677612304687500e+02 3.252469238281250000e+03 1.344068908691406250e+02 1.349704589843750000e+02 1.361037841796875000e+03 3.005288696289062500e+02 2.470980224609375000e+02 3.329003295898437500e+02 5.602736816406250000e+02 1.119224472045898438e+02 2.441716156005859375e+02 3.623351440429687500e+02
8.850138854980468750e+01 4.690924377441406250e+02 6.633283233642578125e+01 1.130896759033203125e+02 1.317655792236328125e+02 3.349503417968750000e+03 1.370301208496093750e+02 1.339346008300781250e+02 1.365700927734375000e+03 3.056458129882812500e+02 2.514949645996093750e+02 3.347942199707031250e+02 5.567842407226562500e+02 1.180421752929687500e+02 2.568272094726562500e+02 3.678539123535156250e+02
9.167478942871093750e+01 4.748600463867187500e+02 6.555229187011718750e+01 1.196430511474609375e+02 1.329366760253906250e+02 3.374228027343750000e+03 1.397220306396484375e+02 1.318686523437500000e+02 1.449572265625000000e+03 3.065543212890625000e+02 2.588764648437500000e+02 3.353852539062500000e+02 5.568303833007812500e+02 1.223965377807617188e+02 2.661391601562500000e+02 3.771510009765625000e+02
9.275014495849609375e+01 4.764243164062500000e+02 6.428221893310546875e+01 1.231174926757812500e+02 1.330501403808593750e+02 3.354697753906250000e+03 1.407752990722656250e+02 1.295827026367187500e+02 1.527435913085937500e+03 3.041289672851562500e+02 2.613863525390625000e+02 3.311440734863281250e+02 5.565561523437500000e+02 1.217893371582031250e+02 2.655346069335937500e+02 3.846822204589843750e+02
9.640251159667968750e+01 4.784759826660156250e+02 6.518697357177734375e+01 1.252986145019531250e+02 1.346503295898437500e+02 3.335051269531250000e+03 1.431632995605468750e+02 1.301268920898437500e+02 1.557265136718750000e+03 2.987095031738281250e+02 2.638937988281250000e+02 3.305083618164062500e+02 5.544474487304687500e+02 1.270915985107421875e+02 2.686302490234375000e+02 3.866135864257812500e+02
9.915303039550781250e+01 4.875678100585937500e+02 6.606773376464843750e+01 1.303094482421875000e+02 1.415486755371093750e+02 3.490110351562500000e+03 1.470036315917968750e+02 1.286734924316406250e+02 1.615533325195312500e+03 3.031489257812500000e+02 2.716722106933593750e+02 3.323979187011718750e+02 5.549193115234375000e+02 1.337910308837890625e+02 2.638338317871093750e+02 3.958153076171875000e+02
9.747923278808593750e+01 4.925921630859375000e+02 6.417665100097656250e+01 1.323464508056640625e+02 1.455694885253906250e+02 3.532989257812500000e+03 1.467270507812500000e+02 1.248375701904296875e+02 1.647154052734375000e+03 3.068341064453125000e+02 2.700939941406250000e+02 3.313024291992187500e+02 5.501765136718750000e+02 1.325144195556640625e+02 2.647623901367187500e+02 4.018085632324218750e+02
9.275063323974609375e+01 4.858648681640625000e+02 5.911729812622070312e+01 1.351061706542968750e+02 1.458740234375000000e+02 3.570031250000000000e+03 1.438765869140625000e+02 1.238376693725585938e+02 1.638010131835937500e+03 3.097480163574218750e+02 2.663612670898437500e+02 3.216317443847656250e+02 5.438076171875000000e+02 1.312080993652343750e+02 2.641381530761718750e+02 3.988579711914062500e+02
8.674951171875000000e+01 4.774576416015625000e+02 5.457144165039062500e+01 1.359211425781250000e+02 1.443627014160156250e+02 3.638969482421875000e+03 1.419575195312500000e+02 1.203880004882812500e+02 1.635347900390625000e+03 3.110815429687500000e+02 2.629154357910156250e+02 3.106168823242187500e+02 5.408911132812500000e+02 1.317192993164062500e+02 2.558016510009765625e+02 3.967632141113281250e+02
8.219305419921875000e+01 4.849523620605468750e+02 5.546823501586914062e+01 1.434350585937500000e+02 1.497427673339843750e+02 3.841193847656250000e+03 1.413114013671875000e+02 1.221147079467773438e+02 1.605107543945312500e+03 3.169516601562500000e+02 2.648302612304687500e+02 3.185676269531250000e+02 5.450556640625000000e+02 1.296394653320312500e+02 2.534803314208984375e+02 3.991942138671875000e+02
8.319732666015625000e+01 4.899302978515625000e+02 5.777481842041015625e+01 1.461752014160156250e+02 1.565663909912109375e+02 3.947455078125000000e+03 1.414267883300781250e+02 1.237504882812500000e+02 1.553443603515625000e+03 3.386261901855468750e+02 2.707883911132812500e+02 3.311440429687500000e+02 5.446470336914062500e+02 1.258456039428710938e+02 2.526424255371093750e+02 4.047908325195312500e+02
8.162878417968750000e+01 5.002517089843750000e+02 5.794248962402343750e+01 1.432934265136718750e+02 1.598943786621093750e+02 4.033132080078125000e+03 1.392722473144531250e+02 1.226998214721679688e+02 1.505178466796875000e+03 3.521904907226562500e+02 2.765471191406250000e+02 3.376992187500000000e+02 5.414224853515625000e+02 1.193051300048828125e+02 2.525619506835937500e+02 4.099507141113281250e+02
8.331012725830078125e+01 5.072580261230468750e+02 5.935243225097656250e+01 1.405396423339843750e+02 1.642448120117187500e+02 4.148524414062500000e+03 1.385096435546875000e+02 1.222638168334960938e+02 1.474169067382812500e+03 3.619513549804687500e+02 2.847190856933593750e+02 3.463522949218750000e+02 5.469044189453125000e+02 1.119167175292968750e+02 2.547804412841796875e+02 4.149403076171875000e+02
8.610836791992187500e+01 5.169404296875000000e+02 6.044567871093750000e+01 1.445519866943359375e+02 1.680083007812500000e+02 4.243944824218750000e+03 1.383084716796875000e+02 1.233237228393554688e+02 1.452029296875000000e+03 3.613032226562500000e+02 2.897073059082031250e+02 3.506868591308593750e+02 5.550186767578125000e+02 1.072001953125000000e+02 2.536261138916015625e+02 4.210391540527343750e+02
8.943383026123046875e+01 5.213535766601562500e+02 6.214125442504882812e+01 1.451203918457031250e+02 1.716481323242187500e+02 4.380561035156250000e+03 1.405511474609375000e+02 1.254320907592773438e+02 1.425544799804687500e+03 3.584781494140625000e+02 2.912899169921875000e+02 3.545889892578125000e+02 5.630649414062500000e+02 1.054552917480468750e+02 2.478576202392578125e+02 4.295517578125000000e+02
8.982831573486328125e+01 5.185683593750000000e+02 6.152062225341796875e+01 1.433877258300781250e+02 1.736483459472656250e+02 4.455835937500000000e+03 1.459583587646484375e+02 1.249274978637695312e+02 1.371935913085937500e+03 3.626933593750000000e+02 2.871034851074218750e+02 3.584153137207031250e+02 5.632158203125000000e+02 1.069384460449218750e+02 2.400156555175781250e+02 4.242535705566406250e+02
9.382689666748046875e+01 5.029013366699218750e+02 5.928384399414062500e+01 1.405713653564453125e+02 1.740449523925781250e+02 4.483495117187500000e+03 1.452450561523437500e+02 1.237176895141601562e+02 1.329294677734375000e+03 3.546179504394531250e+02 2.794981079101562500e+02 3.526032714843750000e+02 5.691397094726562500e+02 1.068419799804687500e+02 2.289616394042968750e+02 4.145559082031250000e+02
9.436491394042968750e+01 4.948060302734375000e+02 5.591520690917968750e+01 1.387459411621093750e+02 1.738262634277343750e+02 4.493093261718750000e+03 1.433645019531250000e+02 1.220776901245117188e+02 1.326824218750000000e+03 3.533036193847656250e+02 2.738636474609375000e+02 3.481210937500000000e+02 5.780399780273437500e+02 1.040459442138671875e+02 2.201562652587890625e+02 4.148493347167968750e+02
9.719076538085937500e+01 4.813172302246093750e+02 5.319993209838867188e+01 1.365913543701171875e+02 1.721757507324218750e+02 4.473635742187500000e+03 1.423132934570312500e+02 1.212665328979492188e+02 1.296879760742187500e+03 3.419562072753906250e+02 2.693263549804687500e+02 3.417037658691406250e+02 5.824927978515625000e+02 1.051925354003906250e+02 2.115949096679687500e+02 4.103088378906250000e+02
1.016196746826171875e+02 4.754379882812500000e+02 5.313759613037109375e+01 1.356569519042968750e+02 1.725350952148437500e+02 4.508007324218750000e+03 1.427980346679687500e+02 1.217091827392578125e+02 1.259905395507812500e+03 3.368117980957031250e+02 2.704631958007812500e+02 3.347254638671875000e+02 5.829033203125000000e+02 1.075644531250000000e+02 2.043296508789062500e+02 4.122379760742187500e+02
1.005328369140625000e+02 4.765748901367187500e+02 5.404177093505859375e+01 1.375315246582031250e+02 1.736001281738281250e+02 4.452948730468750000e+03 1.423499450683593750e+02 1.219339370727539062e+02 1.267174316406250000e+03 3.378890991210937500e+02 2.770151367187500000e+02 3.332738647460937500e+02 5.774448852539062500e+02 1.090959777832031250e+02 2.018469848632812500e+02 4.164568481445312500e+02
