9.346116638183593750e+01 4.878828125000000000e+02 6.840403747558593750e+01 1.297092590332031250e+02 1.066378631591796875e+02 3.604439941406250000e+03 1.700242309570312500e+02 1.606175994873046875e+02 1.554108520507812500e+03 3.526480407714843750e+02 2.872930908203125000e+02 3.154048461914062500e+02 5.338035278320312500e+02 1.334557189941406250e+02 2.143850402832031250e+02 3.504265441894531250e+02
9.596673583984375000e+01 4.846864624023437500e+02 6.798461151123046875e+01 1.288706970214843750e+02 1.073429641723632812e+02 3.603585693359375000e+03 1.667142181396484375e+02 1.602323303222656250e+02 1.550094360351562500e+03 3.461340942382812500e+02 2.873202819824218750e+02 3.174531860351562500e+02 5.312169189453125000e+02 1.292017517089843750e+02 2.178202209472656250e+02 3.487366638183593750e+02
9.386116027832031250e+01 4.807064514160156250e+02 6.470874023437500000e+01 1.275216903686523438e+02 1.081329956054687500e+02 3.587830078125000000e+03 1.632925415039062500e+02 1.571336059570312500e+02 1.540558593750000000e+03 3.403344116210937500e+02 2.843009948730468750e+02 3.180959472656250000e+02 5.268939208984375000e+02 1.244336547851562500e+02 2.283044128417968750e+02 3.458089599609375000e+02
9.147808074951171875e+01 4.728503723144531250e+02 6.078452682495117188e+01 1.256996459960937500e+02 1.087230377197265625e+02 3.541367187500000000e+03 1.603897857666015625e+02 1.535156402587890625e+02 1.497749633789062500e+03 3.356914672851562500e+02 2.783394165039062500e+02 3.182776489257812500e+02 5.260852050781250000e+02 1.180980377197265625e+02 2.359804382324218750e+02 3.417164916992187500e+02
9.126892089843750000e+01 4.706292724609375000e+02 5.884936141967773438e+01 1.246224670410156250e+02 1.095691070556640625e+02 3.533048583984375000e+03 1.561899566650390625e+02 1.528431701660156250e+02 1.461695800781250000e+03 3.347878417968750000e+02 2.768750610351562500e+02 3.191445007324218750e+02 5.246235961914062500e+02 1.133608398437500000e+02 2.452416076660156250e+02 3.403153076171875000e+02
8.822367858886718750e+01 4.706849975585937500e+02 5.390090179443359375e+01 1.234089355468750000e+02 1.101976165771484375e+02 3.507798095703125000e+03 1.539518280029296875e+02 1.530836029052734375e+02 1.449832519531250000e+03 3.359103088378906250e+02 2.760895385742187500e+02 3.195835571289062500e+02 5.184830932617187500e+02 1.127324676513671875e+02 2.570014343261718750e+02 3.397985839843750000e+02
8.467456054687500000e+01 4.665247802734375000e+02 4.754743957519531250e+01 1.198496551513671875e+02 1.106296463012695312e+02 3.458137695312500000e+03 1.520617675781250000e+02 1.511579284667968750e+02 1.422136840820312500e+03 3.341105346679687500e+02 2.740810852050781250e+02 3.196625366210937500e+02 5.121881103515625000e+02 1.081192932128906250e+02 2.601229858398437500e+02 3.373984985351562500e+02
8.101341247558593750e+01 4.574910888671875000e+02 4.360140991210937500e+01 1.139051361083984375e+02 1.113587493896484375e+02 3.385801513671875000e+03 1.488969573974609375e+02 1.482756805419921875e+02 1.382841186523437500e+03 3.279176635742187500e+02 2.683753662109375000e+02 3.200606079101562500e+02 5.077666625976562500e+02 1.051617279052734375e+02 2.479062805175781250e+02 3.316684875488281250e+02
7.629756927490234375e+01 4.434493103027343750e+02 3.572165298461914062e+01 1.060458526611328125e+02 1.111777420043945312e+02 3.330286621093750000e+03 1.439689788818359375e+02 1.429341125488281250e+02 1.350814819335937500e+03 3.191273803710937500e+02 2.609262695312500000e+02 3.187844848632812500e+02 4.886879272460937500e+02 1.014940795898437500e+02 2.374273681640625000e+02 3.265115051269531250e+02
7.408294677734375000e+01 4.315631103515625000e+02 2.837376785278320312e+01 9.937118530273437500e+01 1.083974304199218750e+02 3.305951171875000000e+03 1.408743286132812500e+02 1.382109680175781250e+02 1.302104248046875000e+03 3.144692993164062500e+02 2.539856719970703125e+02 3.141655883789062500e+02 4.717605285644531250e+02 9.854994201660156250e+01 2.267838897705078125e+02 3.191885375976562500e+02
7.244325256347656250e+01 4.276264953613281250e+02 2.726865768432617188e+01 9.664773559570312500e+01 1.066690216064453125e+02 3.298175292968750000e+03 1.392180786132812500e+02 1.355087585449218750e+02 1.269215820312500000e+03 3.120774536132812500e+02 2.523648681640625000e+02 3.101002807617187500e+02 4.677653198242187500e+02 9.692262268066406250e+01 2.215976562500000000e+02 3.162982482910156250e+02
7.369265747070312500e+01 4.325665893554687500e+02 2.726165771484375000e+01 9.738687133789062500e+01 1.065221023559570312e+02 3.294882568359375000e+03 1.393072204589843750e+02 1.359391174316406250e+02 1.274075683593750000e+03 3.148891601562500000e+02 2.556260681152343750e+02 3.096478271484375000e+02 4.771812133789062500e+02 9.715618896484375000e+01 2.186574707031250000e+02 3.176946411132812500e+02
7.507194519042968750e+01 4.432380065917968750e+02 2.914828109741210938e+01 1.011060333251953125e+02 1.075464019775390625e+02 3.325181640625000000e+03 1.410118713378906250e+02 1.386822967529296875e+02 1.315343872070312500e+03 3.207601318359375000e+02 2.641192932128906250e+02 3.102880249023437500e+02 4.950959777832031250e+02 9.914434051513671875e+01 2.234036407470703125e+02 3.234232788085937500e+02
7.666522216796875000e+01 4.586660156250000000e+02 3.280204391479492188e+01 1.071747436523437500e+02 1.082887115478515625e+02 3.364256835937500000e+03 1.447898406982421875e+02 1.433960723876953125e+02 1.326265625000000000e+03 3.281634216308593750e+02 2.756809692382812500e+02 3.111137695312500000e+02 5.029045410156250000e+02 1.017328414916992188e+02 2.180958557128906250e+02 3.310775451660156250e+02
7.960421752929687500e+01 4.705265197753906250e+02 3.559895706176757812e+01 1.130015716552734375e+02 1.089598770141601562e+02 3.389988037109375000e+03 1.479736175537109375e+02 1.476437377929687500e+02 1.354869628906250000e+03 3.380389099121093750e+02 2.842685241699218750e+02 3.111569824218750000e+02 5.095807495117187500e+02 1.051234283447265625e+02 2.120843200683593750e+02 3.373506774902343750e+02
8.248538208007812500e+01 4.804033813476562500e+02 3.800372695922851562e+01 1.178945922851562500e+02 1.091496887207031250e+02 3.419579101562500000e+03 1.497650146484375000e+02 1.500913391113281250e+02 1.331285644531250000e+03 3.473465576171875000e+02 2.933551940917968750e+02 3.110231628417968750e+02 5.167011718750000000e+02 1.098379440307617188e+02 2.103722229003906250e+02 3.430923767089843750e+02
8.302267456054687500e+01 4.889526367187500000e+02 4.119294738769531250e+01 1.230081481933593750e+02 1.094390411376953125e+02 3.461152099609375000e+03 1.527458801269531250e+02 1.548448486328125000e+02 1.333624755859375000e+03 3.559252929687500000e+02 3.049342041015625000e+02 3.118049011230468750e+02 5.127387695312500000e+02 1.104569396972656250e+02 2.089262237548828125e+02 3.508266601562500000e+02
8.437100982666015625e+01 4.929694824218750000e+02 4.291273117065429688e+01 1.278386001586914062e+02 1.093774871826171875e+02 3.476948730468750000e+03 1.544860076904296875e+02 1.571189880371093750e+02 1.343079101562500000e+03 3.584921264648437500e+02 3.083412475585937500e+02 3.115377807617187500e+02 5.143131103515625000e+02 1.114791259765625000e+02 2.066322174072265625e+02 3.573721618652343750e+02
8.710827636718750000e+01 4.994365844726562500e+02 4.482489013671875000e+01 1.318180389404296875e+02 1.096988220214843750e+02 3.487783203125000000e+03 1.566963500976562500e+02 1.576641845703125000e+02 1.346705078125000000e+03 3.630104064941406250e+02 3.126431274414062500e+02 3.114379272460937500e+02 5.151395263671875000e+02 1.132817764282226562e+02 2.110245361328125000e+02 3.626841430664062500e+02
8.898298645019531250e+01 4.976166687011718750e+02 4.665434265136718750e+01 1.359714355468750000e+02 1.100022506713867188e+02 3.503050781250000000e+03 1.550240936279296875e+02 1.589595031738281250e+02 1.352050170898437500e+03 3.634857788085937500e+02 3.136843566894531250e+02 3.110263977050781250e+02 5.096313781738281250e+02 1.150724029541015625e+02 2.106539459228515625e+02 3.693931884765625000e+02
9.057372283935546875e+01 4.966530761718750000e+02 4.644654846191406250e+01 1.389372406005859375e+02 1.095830383300781250e+02 3.518169921875000000e+03 1.563184204101562500e+02 1.590007781982421875e+02 1.348951171875000000e+03 3.664147033691406250e+02 3.119703369140625000e+02 3.093381652832031250e+02 4.971266479492187500e+02 1.165248641967773438e+02 2.181592254638671875e+02 3.761742248535156250e+02
9.259881591796875000e+01 4.982869262695312500e+02 4.829469299316406250e+01 1.427611694335937500e+02 1.093828887939453125e+02 3.530463378906250000e+03 1.560763854980468750e+02 1.615260162353515625e+02 1.356260620117187500e+03 3.685243530273437500e+02 3.134179077148437500e+02 3.085969238281250000e+02 4.862994689941406250e+02 1.173606567382812500e+02 2.187859039306640625e+02 3.807987670898437500e+02
8.246324157714843750e+01 4.486923828125000000e+02 4.010414123535156250e+01 1.182418670654296875e+02 1.004804382324218750e+02 3.564787109375000000e+03 1.428760528564453125e+02 1.426305694580078125e+02 1.319543579101562500e+03 3.459161987304687500e+02 2.776172485351562500e+02 2.834563598632812500e+02 4.661263122558593750e+02 1.066266937255859375e+02 2.071366424560546875e+02 3.571629333496093750e+02
7.818412780761718750e+01 4.218013305664062500e+02 3.445836639404296875e+01 1.074682617187500000e+02 9.413446044921875000e+01 3.495921875000000000e+03 1.362276153564453125e+02 1.334642333984375000e+02 1.299186767578125000e+03 3.336956176757812500e+02 2.584390869140625000e+02 2.630767211914062500e+02 4.444325561523437500e+02 1.014617309570312500e+02 1.979803314208984375e+02 3.428369750976562500e+02
7.878305053710937500e+01 4.152279052734375000e+02 3.549036026000976562e+01 1.077184906005859375e+02 9.217877197265625000e+01 3.533072021484375000e+03 1.344416656494140625e+02 1.320682525634765625e+02 1.316837890625000000e+03 3.333150329589843750e+02 2.530691680908203125e+02 2.558908538818359375e+02 4.465468444824218750e+02 9.947869873046875000e+01 1.995571594238281250e+02 3.420149536132812500e+02
8.161895751953125000e+01 4.194348144531250000e+02 3.919366455078125000e+01 1.154076232910156250e+02 9.118772888183593750e+01 3.583832031250000000e+03 1.369994812011718750e+02 1.343294982910156250e+02 1.343357666015625000e+03 3.410962219238281250e+02 2.571990966796875000e+02 2.543579406738281250e+02 4.592372131347656250e+02 1.000265960693359375e+02 1.986648864746093750e+02 3.446903686523437500e+02
8.426757049560546875e+01 4.339127807617187500e+02 4.376702880859375000e+01 1.286820983886718750e+02 9.220823669433593750e+01 3.678276367187500000e+03 1.422294921875000000e+02 1.394586791992187500e+02 1.384909912109375000e+03 3.536039123535156250e+02 2.681262207031250000e+02 2.568752441406250000e+02 4.687602844238281250e+02 1.022183761596679688e+02 2.047588500976562500e+02 3.546672363281250000e+02
8.933464050292968750e+01 4.547264709472656250e+02 4.806284332275390625e+01 1.425634155273437500e+02 9.317568969726562500e+01 3.775409667968750000e+03 1.471913757324218750e+02 1.456485595703125000e+02 1.424830322265625000e+03 3.643237609863281250e+02 2.826039428710937500e+02 2.636252746582031250e+02 4.787313537597656250e+02 1.055238952636718750e+02 2.082753601074218750e+02 3.664447021484375000e+02
9.268916320800781250e+01 4.733005981445312500e+02 5.197013854980468750e+01 1.540174102783203125e+02 9.398973846435546875e+01 3.918898437500000000e+03 1.521664123535156250e+02 1.528653869628906250e+02 1.466070922851562500e+03 3.755794677734375000e+02 2.944851684570312500e+02 2.706278686523437500e+02 4.856880798339843750e+02 1.089824218750000000e+02 2.112989959716796875e+02 3.778188171386718750e+02
9.443062591552734375e+01 4.865489501953125000e+02 5.314402008056640625e+01 1.610249786376953125e+02 9.398652648925781250e+01 4.020866455078125000e+03 1.554279479980468750e+02 1.558764648437500000e+02 1.482622314453125000e+03 3.798130493164062500e+02 3.016365051269531250e+02 2.716237487792968750e+02 4.870994567871093750e+02 1.112768249511718750e+02 2.116851501464843750e+02 3.840528564453125000e+02
9.637184143066406250e+01 4.983616333007812500e+02 5.356453704833984375e+01 1.670167236328125000e+02 9.522188568115234375e+01 4.126817382812500000e+03 1.578158874511718750e+02 1.603380737304687500e+02 1.493003051757812500e+03 3.829176025390625000e+02 3.084967956542968750e+02 2.761215820312500000e+02 4.894899902343750000e+02 1.127330322265625000e+02 2.089490814208984375e+02 3.864206848144531250e+02
9.698138427734375000e+01 5.047036132812500000e+02 5.361538696289062500e+01 1.707076110839843750e+02 9.573606109619140625e+01 4.185254882812500000e+03 1.587975311279296875e+02 1.623857116699218750e+02 1.493149291992187500e+03 3.847106933593750000e+02 3.111065673828125000e+02 2.798032836914062500e+02 4.899460754394531250e+02 1.130831909179687500e+02 2.057739715576171875e+02 3.856740112304687500e+02
9.684496307373046875e+01 5.089364013671875000e+02 5.355149078369140625e+01 1.724567260742187500e+02 9.570874786376953125e+01 4.231812988281250000e+03 1.586679229736328125e+02 1.624120178222656250e+02 1.486692871093750000e+03 3.846109008789062500e+02 3.110460205078125000e+02 2.827898559570312500e+02 4.915039672851562500e+02 1.133919754028320312e+02 2.040361328125000000e+02 3.845593872070312500e+02
9.647691345214843750e+01 5.103569946289062500e+02 5.336238861083984375e+01 1.726449584960937500e+02 9.572859191894531250e+01 4.260251953125000000e+03 1.583576812744140625e+02 1.625367431640625000e+02 1.476381591796875000e+03 3.830364074707031250e+02 3.106793212890625000e+02 2.868081054687500000e+02 4.933432006835937500e+02 1.133884201049804688e+02 2.047537841796875000e+02 3.840626831054687500e+02
9.701223754882812500e+01 5.144307861328125000e+02 5.377326965332031250e+01 1.737333068847656250e+02 9.694314575195312500e+01 4.295897460937500000e+03 1.600279693603515625e+02 1.635997467041015625e+02 1.468033447265625000e+03 3.852069702148437500e+02 3.121189270019531250e+02 2.901339416503906250e+02 4.965472412109375000e+02 1.137505645751953125e+02 2.076759338378906250e+02 3.857213134765625000e+02
9.623157501220703125e+01 5.239548950195312500e+02 5.203010559082031250e+01 1.715900878906250000e+02 9.580200958251953125e+01 4.361742675781250000e+03 1.618000030517578125e+02 1.659037780761718750e+02 1.410329956054687500e+03 3.862145690917968750e+02 3.144526367187500000e+02 2.950128784179687500e+02 4.727126464843750000e+02 1.154369277954101562e+02 2.100771179199218750e+02 3.900295410156250000e+02
9.762791442871093750e+01 5.266273803710937500e+02 5.359574890136718750e+01 1.703018646240234375e+02 9.694897460937500000e+01 4.423379882812500000e+03 1.623933105468750000e+02 1.661046752929687500e+02 1.406949584960937500e+03 3.795039978027343750e+02 3.136137084960937500e+02 2.977467956542968750e+02 4.782739562988281250e+02 1.153415222167968750e+02 2.111475219726562500e+02 3.937456054687500000e+02
9.807180786132812500e+01 5.236141967773437500e+02 5.376813507080078125e+01 1.667965850830078125e+02 9.730818939208984375e+01 4.402395507812500000e+03 1.621121368408203125e+02 1.643228149414062500e+02 1.405285888671875000e+03 3.765223388671875000e+02 3.103316955566406250e+02 2.977262573242187500e+02 4.841587524414062500e+02 1.138550796508789062e+02 2.094706573486328125e+02 3.921592407226562500e+02
9.667103576660156250e+01 5.231752319335937500e+02 5.481911468505859375e+01 1.637819824218750000e+02 9.810797119140625000e+01 4.387597656250000000e+03 1.607892913818359375e+02 1.632988739013671875e+02 1.419500244140625000e+03 3.747114257812500000e+02 3.078026123046875000e+02 2.976970214843750000e+02 4.917702026367187500e+02 1.137782669067382812e+02 2.090808563232421875e+02 3.909390563964843750e+02
9.687393188476562500e+01 5.212671508789062500e+02 5.636542510986328125e+01 1.611400604248046875e+02 9.856018066406250000e+01 4.376724121093750000e+03 1.595498504638671875e+02 1.624618225097656250e+02 1.426400878906250000e+03 3.741461791992187500e+02 3.053867187500000000e+02 2.987227172851562500e+02 5.012039184570312500e+02 1.150771179199218750e+02 2.115738067626953125e+02 3.884426269531250000e+02
9.681791687011718750e+01 5.186801757812500000e+02 5.799698257446289062e+01 1.587446594238281250e+02 9.906063842773437500e+01 4.370137207031250000e+03 1.585528869628906250e+02 1.626281738281250000e+02 1.426544555664062500e+03 3.658042602539062500e+02 3.021250610351562500e+02 2.996232910156250000e+02 5.067969970703125000e+02 1.166505813598632812e+02 2.146340942382812500e+02 3.853537292480468750e+02
9.699909973144531250e+01 5.146602783203125000e+02 5.840432739257812500e+01 1.562497406005859375e+02 9.986904907226562500e+01 4.346138671875000000e+03 1.580931549072265625e+02 1.602768707275390625e+02 1.419050415039062500e+03 3.578839721679687500e+02 3.001129455566406250e+02 2.997612304687500000e+02 5.099312744140625000e+02 1.168305053710937500e+02 2.204373321533203125e+02 3.824776611328125000e+02
9.670952606201171875e+01 5.120469970703125000e+02 5.963122177124023438e+01 1.551990661621093750e+02 1.007510986328125000e+02 4.351739257812500000e+03 1.573792266845703125e+02 1.589230804443359375e+02 1.412741210937500000e+03 3.571914367675781250e+02 2.985632934570312500e+02 3.011173400878906250e+02 5.146356201171875000e+02 1.176292037963867188e+02 2.291081390380859375e+02 3.811904907226562500e+02
9.734394836425781250e+01 5.080186462402343750e+02 5.977522659301757812e+01 1.538130798339843750e+02 1.011262359619140625e+02 4.329877441406250000e+03 1.570459899902343750e+02 1.556498718261718750e+02 1.426040649414062500e+03 3.537480468750000000e+02 2.969726562500000000e+02 3.013249816894531250e+02 5.181039428710937500e+02 1.188614501953125000e+02 2.418016967773437500e+02 3.816674804687500000e+02
9.769627380371093750e+01 5.065013427734375000e+02 5.918302917480468750e+01 1.523174896240234375e+02 1.013834915161132812e+02 4.327657714843750000e+03 1.572277526855468750e+02 1.534746856689453125e+02 1.456678100585937500e+03 3.504712524414062500e+02 2.952856140136718750e+02 3.008982849121093750e+02 5.203267822265625000e+02 1.184737701416015625e+02 2.460964050292968750e+02 3.820019531250000000e+02
9.893745422363281250e+01 5.045590820312500000e+02 5.946619415283203125e+01 1.495560302734375000e+02 1.022310485839843750e+02 4.280965820312500000e+03 1.580913085937500000e+02 1.526878356933593750e+02 1.470714721679687500e+03 3.446834106445312500e+02 2.935413818359375000e+02 3.011383056640625000e+02 5.220875244140625000e+02 1.193189773559570312e+02 2.513160247802734375e+02 3.808783874511718750e+02
9.800030517578125000e+01 5.055651855468750000e+02 5.969395065307617188e+01 1.484716644287109375e+02 1.044376983642578125e+02 4.286327636718750000e+03 1.583821258544921875e+02 1.510886230468750000e+02 1.512303466796875000e+03 3.445250854492187500e+02 2.937218933105468750e+02 3.018679199218750000e+02 5.245593872070312500e+02 1.214529418945312500e+02 2.528081054687500000e+02 3.810295104980468750e+02
9.777183532714843750e+01 5.017662048339843750e+02 5.802028656005859375e+01 1.465127563476562500e+02 1.055051269531250000e+02 4.268923339843750000e+03 1.564258422851562500e+02 1.482174377441406250e+02 1.515432861328125000e+03 3.437710876464843750e+02 2.902670898437500000e+02 3.021746826171875000e+02 5.252880249023437500e+02 1.223008270263671875e+02 2.528947601318359375e+02 3.824351806640625000e+02
9.563011169433593750e+01 4.965870971679687500e+02 5.546300888061523438e+01 1.455239562988281250e+02 1.057516098022460938e+02 4.245750000000000000e+03 1.543051452636718750e+02 1.463901977539062500e+02 1.553804199218750000e+03 3.428245239257812500e+02 2.875587158203125000e+02 3.002040405273437500e+02 5.255042114257812500e+02 1.246177368164062500e+02 2.548354492187500000e+02 3.788682861328125000e+02
9.183042907714843750e+01 4.922508850097656250e+02 5.375166702270507812e+01 1.447256469726562500e+02 1.057532501220703125e+02 4.194954101562500000e+03 1.529016113281250000e+02 1.440850524902343750e+02 1.579095825195312500e+03 3.393572998046875000e+02 2.860270385742187500e+02 2.984095764160156250e+02 5.258454589843750000e+02 1.269535369873046875e+02 2.564844055175781250e+02 3.769812622070312500e+02
8.962911987304687500e+01 4.929790344238281250e+02 5.467395782470703125e+01 1.462061920166015625e+02 1.073488616943359375e+02 4.219639648437500000e+03 1.523763122558593750e+02 1.434525146484375000e+02 1.580687377929687500e+03 3.369950561523437500e+02 2.849696655273437500e+02 3.001911010742187500e+02 5.256265258789062500e+02 1.301087646484375000e+02 2.617398071289062500e+02 3.786524658203125000e+02
9.165249633789062500e+01 4.936617736816406250e+02 5.443385314941406250e+01 1.469752044677734375e+02 1.091982574462890625e+02 4.230874023437500000e+03 1.519577941894531250e+02 1.433408508300781250e+02 1.561091918945312500e+03 3.392447509765625000e+02 2.856158447265625000e+02 3.034943237304687500e+02 5.248225097656250000e+02 1.287064514160156250e+02 2.647803955078125000e+02 3.849686279296875000e+02
9.016949462890625000e+01 4.951277160644531250e+02 5.108164978027343750e+01 1.461501159667968750e+02 1.102092590332031250e+02 4.223813964843750000e+03 1.511518554687500000e+02 1.419270477294921875e+02 1.558036865234375000e+03 3.425881347656250000e+02 2.874127502441406250e+02 3.047165832519531250e+02 5.229243164062500000e+02 1.238333587646484375e+02 2.613877563476562500e+02 3.906523132324218750e+02
