1.196351928710937500e+02 5.812361450195312500e+02 8.812818908691406250e+01 1.812803039550781250e+02 1.076836853027343750e+02 4.056864990234375000e+03 1.967660522460937500e+02 1.994903564453125000e+02 1.724796508789062500e+03 4.022164306640625000e+02 3.525829772949218750e+02 3.170748596191406250e+02 5.234127197265625000e+02 1.478811187744140625e+02 2.617483215332031250e+02 4.008267517089843750e+02
1.208330383300781250e+02 5.800307617187500000e+02 8.797686767578125000e+01 1.817242431640625000e+02 1.082449035644531250e+02 4.072472656250000000e+03 1.945971984863281250e+02 2.002653350830078125e+02 1.723436523437500000e+03 3.964199829101562500e+02 3.540749511718750000e+02 3.193052062988281250e+02 5.222705078125000000e+02 1.434420166015625000e+02 2.677864074707031250e+02 4.020494384765625000e+02
1.188020401000976562e+02 5.794625854492187500e+02 8.694828796386718750e+01 1.816172180175781250e+02 1.089237213134765625e+02 4.026330810546875000e+03 1.930713043212890625e+02 1.997565917968750000e+02 1.736990112304687500e+03 3.917228393554687500e+02 3.531911010742187500e+02 3.195612792968750000e+02 5.199461669921875000e+02 1.378542785644531250e+02 2.734002685546875000e+02 4.023201904296875000e+02
1.190126419067382812e+02 5.770119018554687500e+02 8.525916290283203125e+01 1.805855102539062500e+02 1.093282470703125000e+02 3.938200195312500000e+03 1.912380676269531250e+02 1.976227111816406250e+02 1.738162475585937500e+03 3.881356811523437500e+02 3.489574584960937500e+02 3.191080627441406250e+02 5.223778076171875000e+02 1.346979522705078125e+02 2.764096069335937500e+02 3.998227844238281250e+02
1.197285537719726562e+02 5.803689575195312500e+02 8.442287445068359375e+01 1.799839324951171875e+02 1.098507843017578125e+02 3.867479248046875000e+03 1.889097747802734375e+02 1.978457336425781250e+02 1.732314941406250000e+03 3.912326354980468750e+02 3.505126647949218750e+02 3.192493286132812500e+02 5.215255126953125000e+02 1.327902526855468750e+02 2.788150329589843750e+02 3.998019104003906250e+02
1.165188980102539062e+02 5.841099853515625000e+02 8.234698486328125000e+01 1.792606811523437500e+02 1.097868194580078125e+02 3.744735107421875000e+03 1.868338012695312500e+02 1.994752960205078125e+02 1.727770996093750000e+03 3.963151245117187500e+02 3.529518432617187500e+02 3.183313598632812500e+02 5.183284301757812500e+02 1.327011108398437500e+02 2.789584960937500000e+02 4.014390258789062500e+02
1.125028610229492188e+02 5.857611083984375000e+02 7.934004974365234375e+01 1.757838134765625000e+02 1.093204193115234375e+02 3.651438964843750000e+03 1.867972412109375000e+02 1.991337890625000000e+02 1.711821777343750000e+03 3.993514099121093750e+02 3.551936340332031250e+02 3.167983093261718750e+02 5.172096557617187500e+02 1.299916229248046875e+02 2.782075195312500000e+02 4.006741943359375000e+02
1.084515914916992188e+02 5.818302001953125000e+02 7.776853179931640625e+01 1.686213378906250000e+02 1.090422058105468750e+02 3.566517822265625000e+03 1.843655242919921875e+02 1.982389221191406250e+02 1.685901245117187500e+03 3.938394165039062500e+02 3.534491271972656250e+02 3.150994873046875000e+02 5.170034179687500000e+02 1.277809982299804688e+02 2.723871459960937500e+02 3.950445251464843750e+02
1.008633804321289062e+02 5.621345214843750000e+02 7.261872100830078125e+01 1.552835540771484375e+02 1.082659606933593750e+02 3.493184326171875000e+03 1.774341583251953125e+02 1.910511932373046875e+02 1.642330566406250000e+03 3.772641296386718750e+02 3.436293945312500000e+02 3.126115722656250000e+02 5.125841674804687500e+02 1.227694244384765625e+02 2.666865234375000000e+02 3.872990722656250000e+02
9.476271057128906250e+01 5.312776489257812500e+02 6.251331329345703125e+01 1.389500427246093750e+02 1.073870391845703125e+02 3.420949951171875000e+03 1.691110076904296875e+02 1.794767761230468750e+02 1.556997558593750000e+03 3.637403564453125000e+02 3.250856628417968750e+02 3.108250732421875000e+02 5.020098571777343750e+02 1.157429122924804688e+02 2.573880920410156250e+02 3.688869018554687500e+02
8.520645141601562500e+01 4.938961791992187500e+02 5.267193603515625000e+01 1.184504089355468750e+02 1.075082778930664062e+02 3.268216308593750000e+03 1.575195770263671875e+02 1.633956604003906250e+02 1.448757568359375000e+03 3.423554687500000000e+02 3.010098876953125000e+02 3.084886779785156250e+02 4.851033935546875000e+02 1.069567108154296875e+02 2.444180297851562500e+02 3.477347717285156250e+02
7.702674102783203125e+01 4.580523681640625000e+02 4.070492553710937500e+01 9.641764831542968750e+01 1.075695648193359375e+02 3.131280761718750000e+03 1.444810180664062500e+02 1.468559417724609375e+02 1.360242797851562500e+03 3.213598022460937500e+02 2.747822570800781250e+02 3.065955200195312500e+02 4.629707336425781250e+02 9.902059936523437500e+01 2.280158386230468750e+02 3.259364318847656250e+02
7.606264495849609375e+01 4.639564208984375000e+02 3.810874176025390625e+01 9.883853149414062500e+01 1.080246505737304688e+02 3.113309082031250000e+03 1.441526489257812500e+02 1.459794311523437500e+02 1.352540161132812500e+03 3.267612304687500000e+02 2.821027221679687500e+02 3.049817504882812500e+02 4.680164489746093750e+02 1.013038635253906250e+02 2.247306976318359375e+02 3.298283996582031250e+02
8.102661895751953125e+01 4.951455688476562500e+02 4.521635437011718750e+01 1.117505340576171875e+02 1.077017364501953125e+02 3.205148925781250000e+03 1.517658538818359375e+02 1.560933685302734375e+02 1.399551635742187500e+03 3.441442260742187500e+02 3.069021911621093750e+02 3.030523071289062500e+02 4.767837219238281250e+02 1.075577545166015625e+02 2.258818817138671875e+02 3.465908813476562500e+02
8.783834838867187500e+01 5.240487060546875000e+02 5.344152069091796875e+01 1.244760894775390625e+02 1.095204010009765625e+02 3.352360839843750000e+03 1.595537109375000000e+02 1.669075164794921875e+02 1.476732910156250000e+03 3.671640625000000000e+02 3.293663330078125000e+02 3.044090576171875000e+02 4.901959533691406250e+02 1.150430297851562500e+02 2.320714263916015625e+02 3.636425170898437500e+02
9.460011291503906250e+01 5.495067749023437500e+02 6.058320236206054688e+01 1.374461669921875000e+02 1.143783035278320312e+02 3.447316162109375000e+03 1.652233581542968750e+02 1.747154693603515625e+02 1.491522705078125000e+03 3.898186950683593750e+02 3.508196105957031250e+02 3.106554565429687500e+02 5.038645019531250000e+02 1.237710876464843750e+02 2.392489624023437500e+02 3.806028442382812500e+02
1.000654067993164062e+02 5.763765869140625000e+02 6.822407531738281250e+01 1.549772491455078125e+02 1.174301147460937500e+02 3.599346191406250000e+03 1.739414062500000000e+02 1.867222442626953125e+02 1.530133178710937500e+03 4.132226867675781250e+02 3.750431518554687500e+02 3.167409667968750000e+02 5.152528076171875000e+02 1.287382202148437500e+02 2.449334411621093750e+02 4.024341430664062500e+02
1.047172775268554688e+02 5.894224853515625000e+02 7.200901031494140625e+01 1.688784790039062500e+02 1.181647567749023438e+02 3.652668457031250000e+03 1.790642395019531250e+02 1.924041748046875000e+02 1.566778320312500000e+03 4.247721252441406250e+02 3.831822814941406250e+02 3.185493164062500000e+02 5.219039916992187500e+02 1.321666412353515625e+02 2.462528686523437500e+02 4.179583740234375000e+02
1.095466613769531250e+02 5.978353881835937500e+02 7.423090362548828125e+01 1.778194885253906250e+02 1.188098602294921875e+02 3.726244873046875000e+03 1.823211364746093750e+02 1.941354370117187500e+02 1.579526367187500000e+03 4.318586730957031250e+02 3.874634399414062500e+02 3.194088439941406250e+02 5.261043701171875000e+02 1.354075012207031250e+02 2.503728179931640625e+02 4.285119934082031250e+02
1.121734161376953125e+02 5.953471679687500000e+02 7.574514770507812500e+01 1.854399108886718750e+02 1.192563323974609375e+02 3.744903808593750000e+03 1.804280395507812500e+02 1.962284240722656250e+02 1.587587402343750000e+03 4.344869079589843750e+02 3.888947143554687500e+02 3.197929382324218750e+02 5.259360351562500000e+02 1.382339630126953125e+02 2.519134368896484375e+02 4.390450439453125000e+02
1.150393524169921875e+02 5.933639526367187500e+02 7.593794250488281250e+01 1.909763336181640625e+02 1.187856369018554688e+02 3.784604980468750000e+03 1.821352233886718750e+02 1.966510467529296875e+02 1.582115600585937500e+03 4.385067443847656250e+02 3.875300292968750000e+02 3.186387939453125000e+02 5.223366088867187500e+02 1.404103393554687500e+02 2.565314636230468750e+02 4.486027221679687500e+02
1.183194351196289062e+02 5.954434814453125000e+02 7.821314239501953125e+01 1.979543762207031250e+02 1.185148849487304688e+02 3.798586425781250000e+03 1.822621765136718750e+02 1.997133941650390625e+02 1.599235473632812500e+03 4.384089660644531250e+02 3.897116088867187500e+02 3.187924194335937500e+02 5.195074462890625000e+02 1.414706726074218750e+02 2.568083190917968750e+02 4.545679321289062500e+02
1.108675537109375000e+02 5.533713989257812500e+02 7.344408416748046875e+01 1.828242492675781250e+02 1.153448333740234375e+02 3.813472656250000000e+03 1.721136169433593750e+02 1.836651306152343750e+02 1.551254516601562500e+03 4.175945434570312500e+02 3.593787231445312500e+02 2.967330322265625000e+02 5.222479248046875000e+02 1.314590148925781250e+02 2.483182220458984375e+02 4.329048156738281250e+02
1.017094116210937500e+02 5.062463684082031250e+02 6.276771545410156250e+01 1.609053039550781250e+02 1.060204467773437500e+02 3.708277832031250000e+03 1.599090270996093750e+02 1.669886169433593750e+02 1.488167846679687500e+03 3.992183837890625000e+02 3.250130004882812500e+02 2.744342651367187500e+02 4.975530395507812500e+02 1.216658554077148438e+02 2.335969848632812500e+02 4.047193908691406250e+02
9.762934112548828125e+01 4.832343750000000000e+02 5.764732360839843750e+01 1.516614074707031250e+02 1.005971221923828125e+02 3.671945800781250000e+03 1.532198791503906250e+02 1.594353790283203125e+02 1.460903564453125000e+03 3.936014404296875000e+02 3.066396484375000000e+02 2.654246826171875000e+02 4.877558898925781250e+02 1.159384307861328125e+02 2.276206359863281250e+02 3.907608337402343750e+02
9.649842071533203125e+01 4.752197570800781250e+02 5.560800170898437500e+01 1.520184936523437500e+02 9.672648620605468750e+01 3.649491943359375000e+03 1.527628936767578125e+02 1.566573791503906250e+02 1.449981201171875000e+03 3.964007568359375000e+02 3.007350463867187500e+02 2.614165649414062500e+02 4.862556457519531250e+02 1.137794418334960938e+02 2.223121795654296875e+02 3.831488037109375000e+02
9.615402221679687500e+01 4.825156860351562500e+02 5.630740356445312500e+01 1.602511596679687500e+02 9.546118927001953125e+01 3.703599609375000000e+03 1.562178039550781250e+02 1.583196105957031250e+02 1.462428344726562500e+03 4.024078369140625000e+02 3.043630676269531250e+02 2.615596008300781250e+02 4.863846435546875000e+02 1.141119232177734375e+02 2.231512603759765625e+02 3.853467407226562500e+02
9.975465393066406250e+01 5.013445129394531250e+02 5.854171752929687500e+01 1.722668457031250000e+02 9.559432983398437500e+01 3.819380371093750000e+03 1.601676940917968750e+02 1.623992309570312500e+02 1.488611938476562500e+03 4.110117797851562500e+02 3.159403991699218750e+02 2.680889282226562500e+02 4.900821228027343750e+02 1.160178985595703125e+02 2.261713867187500000e+02 3.933538208007812500e+02
1.020280151367187500e+02 5.205921020507812500e+02 6.144677352905273438e+01 1.831481323242187500e+02 9.587911224365234375e+01 3.986073486328125000e+03 1.646629180908203125e+02 1.687346191406250000e+02 1.527254150390625000e+03 4.214757690429687500e+02 3.266645812988281250e+02 2.747021789550781250e+02 4.921326904296875000e+02 1.189162902832031250e+02 2.286608276367187500e+02 4.030802001953125000e+02
1.043003158569335938e+02 5.374064941406250000e+02 6.309128570556640625e+01 1.907590942382812500e+02 9.573652648925781250e+01 4.113508300781250000e+03 1.686212768554687500e+02 1.724454803466796875e+02 1.552803710937500000e+03 4.250672607421875000e+02 3.350874023437500000e+02 2.768885498046875000e+02 4.910622253417968750e+02 1.218342132568359375e+02 2.285883483886718750e+02 4.110755310058593750e+02
1.070876541137695312e+02 5.570467529296875000e+02 6.514633941650390625e+01 1.999173278808593750e+02 9.718393707275390625e+01 4.254408691406250000e+03 1.725237274169921875e+02 1.796118621826171875e+02 1.576895629882812500e+03 4.296036987304687500e+02 3.458634338378906250e+02 2.822382507324218750e+02 4.909993286132812500e+02 1.240797805786132812e+02 2.261194458007812500e+02 4.177913513183593750e+02
1.087968063354492188e+02 5.698979492187500000e+02 6.720562744140625000e+01 2.069571380615234375e+02 9.756919860839843750e+01 4.312200683593750000e+03 1.743411865234375000e+02 1.844773406982421875e+02 1.580009277343750000e+03 4.329869079589843750e+02 3.527487792968750000e+02 2.855843200683593750e+02 4.903880004882812500e+02 1.258302917480468750e+02 2.256404724121093750e+02 4.222508239746093750e+02
1.091332931518554688e+02 5.770797119140625000e+02 6.838764953613281250e+01 2.114793243408203125e+02 9.662036132812500000e+01 4.358649902343750000e+03 1.739061584472656250e+02 1.857557067871093750e+02 1.581183837890625000e+03 4.352346191406250000e+02 3.552753906250000000e+02 2.875650024414062500e+02 4.897084350585937500e+02 1.272331390380859375e+02 2.261133422851562500e+02 4.245469665527343750e+02
1.098312988281250000e+02 5.775720825195312500e+02 6.861614227294921875e+01 2.119955444335937500e+02 9.486078643798828125e+01 4.391359863281250000e+03 1.732066802978515625e+02 1.856849212646484375e+02 1.569126464843750000e+03 4.321753234863281250e+02 3.543589477539062500e+02 2.890423583984375000e+02 4.878935546875000000e+02 1.273563690185546875e+02 2.278297576904296875e+02 4.255597229003906250e+02
1.096482925415039062e+02 5.790117187500000000e+02 6.858956146240234375e+01 2.103302612304687500e+02 9.413725280761718750e+01 4.449098632812500000e+03 1.743922424316406250e+02 1.856319885253906250e+02 1.571801757812500000e+03 4.279199523925781250e+02 3.533224182128906250e+02 2.884714050292968750e+02 4.867354125976562500e+02 1.268556365966796875e+02 2.308989868164062500e+02 4.246571350097656250e+02
1.145379180908203125e+02 6.018176879882812500e+02 7.267375183105468750e+01 2.191059570312500000e+02 9.489527893066406250e+01 4.439728027343750000e+03 1.815087585449218750e+02 1.933482360839843750e+02 1.542433593750000000e+03 4.206313781738281250e+02 3.665690612792968750e+02 2.934201049804687500e+02 4.732668762207031250e+02 1.296757354736328125e+02 2.362791290283203125e+02 4.371491088867187500e+02
1.172096633911132812e+02 6.022620849609375000e+02 7.355515289306640625e+01 2.162047576904296875e+02 9.576163482666015625e+01 4.462867187500000000e+03 1.827722778320312500e+02 1.932134704589843750e+02 1.541306762695312500e+03 4.172536621093750000e+02 3.635237731933593750e+02 2.947600708007812500e+02 4.776218566894531250e+02 1.286259307861328125e+02 2.378868103027343750e+02 4.384037475585937500e+02
1.185834045410156250e+02 5.982833251953125000e+02 7.306163787841796875e+01 2.113616485595703125e+02 9.603352355957031250e+01 4.401774414062500000e+03 1.824581146240234375e+02 1.915177459716796875e+02 1.548775756835937500e+03 4.173500061035156250e+02 3.596334838867187500e+02 2.946006469726562500e+02 4.848578796386718750e+02 1.267117767333984375e+02 2.367790985107421875e+02 4.359324951171875000e+02
1.164438858032226562e+02 5.941695556640625000e+02 7.296537780761718750e+01 2.064476318359375000e+02 9.687391662597656250e+01 4.335205078125000000e+03 1.812238006591796875e+02 1.891193237304687500e+02 1.567958251953125000e+03 4.164628601074218750e+02 3.556094665527343750e+02 2.935814514160156250e+02 4.918770141601562500e+02 1.269600219726562500e+02 2.359700012207031250e+02 4.307188415527343750e+02
1.159129180908203125e+02 5.896666259765625000e+02 7.427706909179687500e+01 2.023754272460937500e+02 9.736451721191406250e+01 4.286668945312500000e+03 1.797613525390625000e+02 1.874053192138671875e+02 1.580471923828125000e+03 4.109972534179687500e+02 3.506690673828125000e+02 2.944737854003906250e+02 4.987333374023437500e+02 1.294831848144531250e+02 2.389182281494140625e+02 4.251714477539062500e+02
1.164489440917968750e+02 5.898278198242187500e+02 7.572205352783203125e+01 2.004196624755859375e+02 9.801617431640625000e+01 4.268387695312500000e+03 1.783010253906250000e+02 1.874191284179687500e+02 1.582037597656250000e+03 4.013530578613281250e+02 3.488892211914062500e+02 2.960267333984375000e+02 5.023251342773437500e+02 1.325946350097656250e+02 2.451900329589843750e+02 4.228268432617187500e+02
1.159704284667968750e+02 5.872833862304687500e+02 7.625534820556640625e+01 1.980294036865234375e+02 9.912371826171875000e+01 4.251020996093750000e+03 1.781755065917968750e+02 1.849454345703125000e+02 1.579819702148437500e+03 3.934747314453125000e+02 3.478359985351562500e+02 2.960948181152343750e+02 5.037978210449218750e+02 1.342889251708984375e+02 2.526987457275390625e+02 4.218391723632812500e+02
1.166171112060546875e+02 5.871085205078125000e+02 7.664422607421875000e+01 1.974284667968750000e+02 1.003708114624023438e+02 4.253087402343750000e+03 1.786121673583984375e+02 1.830998687744140625e+02 1.579669799804687500e+03 3.927799377441406250e+02 3.479450378417968750e+02 2.977177124023437500e+02 5.056349487304687500e+02 1.372766571044921875e+02 2.590194396972656250e+02 4.235090942382812500e+02
1.176345596313476562e+02 5.880336303710937500e+02 7.653260803222656250e+01 1.990954437255859375e+02 1.009053192138671875e+02 4.278451171875000000e+03 1.792533416748046875e+02 1.808946228027343750e+02 1.616430786132812500e+03 3.909284667968750000e+02 3.499980468750000000e+02 2.981511535644531250e+02 5.083941040039062500e+02 1.393950195312500000e+02 2.644051818847656250e+02 4.273857421875000000e+02
1.178158416748046875e+02 5.869858398437500000e+02 7.619421386718750000e+01 1.995981445312500000e+02 1.011797180175781250e+02 4.253897949218750000e+03 1.790769042968750000e+02 1.785160217285156250e+02 1.656000000000000000e+03 3.874016113281250000e+02 3.499058532714843750e+02 2.972236938476562500e+02 5.103264160156250000e+02 1.391947174072265625e+02 2.655708007812500000e+02 4.309190063476562500e+02
1.193586730957031250e+02 5.863403320312500000e+02 7.689292144775390625e+01 1.995498199462890625e+02 1.022873382568359375e+02 4.231188964843750000e+03 1.796426239013671875e+02 1.776465148925781250e+02 1.676084594726562500e+03 3.817363891601562500e+02 3.498748168945312500e+02 2.975372314453125000e+02 5.118017578125000000e+02 1.418059844970703125e+02 2.682043457031250000e+02 4.320822753906250000e+02
1.205640335083007812e+02 5.895166015625000000e+02 7.768360900878906250e+01 2.011658935546875000e+02 1.055847625732421875e+02 4.237909179687500000e+03 1.810475158691406250e+02 1.758606567382812500e+02 1.711688354492187500e+03 3.820947570800781250e+02 3.526984252929687500e+02 2.986930541992187500e+02 5.140509643554687500e+02 1.453218231201171875e+02 2.674538269042968750e+02 4.368222045898437500e+02
1.199122161865234375e+02 5.908540039062500000e+02 7.714927673339843750e+01 2.013978271484375000e+02 1.072469177246093750e+02 4.211224121093750000e+03 1.804120330810546875e+02 1.727333984375000000e+02 1.735009887695312500e+03 3.826947631835937500e+02 3.509342651367187500e+02 2.989651489257812500e+02 5.142277221679687500e+02 1.453348693847656250e+02 2.687061767578125000e+02 4.406205139160156250e+02
1.173999176025390625e+02 5.868617553710937500e+02 7.502751159667968750e+01 2.022639770507812500e+02 1.075160064697265625e+02 4.208732910156250000e+03 1.784683685302734375e+02 1.710694427490234375e+02 1.746612670898437500e+03 3.826830749511718750e+02 3.481770629882812500e+02 2.961552124023437500e+02 5.143828125000000000e+02 1.453660125732421875e+02 2.693471374511718750e+02 4.399725036621093750e+02
1.137171325683593750e+02 5.819320678710937500e+02 7.301479339599609375e+01 2.024187316894531250e+02 1.072787170410156250e+02 4.231462890625000000e+03 1.769673004150390625e+02 1.682281036376953125e+02 1.757327148437500000e+03 3.814009094238281250e+02 3.456372680664062500e+02 2.934947204589843750e+02 5.152138061523437500e+02 1.461186218261718750e+02 2.674917602539062500e+02 4.397359008789062500e+02
1.107746734619140625e+02 5.850737915039062500e+02 7.373903656005859375e+01 2.062468719482421875e+02 1.095183105468750000e+02 4.298310058593750000e+03 1.762419738769531250e+02 1.681777191162109375e+02 1.752888916015625000e+03 3.831523742675781250e+02 3.455330810546875000e+02 2.967717895507812500e+02 5.174716796875000000e+02 1.459199066162109375e+02 2.682372741699218750e+02 4.421032104492187500e+02
1.113077392578125000e+02 5.878024902343750000e+02 7.510439300537109375e+01 2.081895294189453125e+02 1.120237731933593750e+02 4.376635742187500000e+03 1.758983001708984375e+02 1.685238189697265625e+02 1.733571655273437500e+03 3.937740783691406250e+02 3.480576782226562500e+02 3.013898315429687500e+02 5.183560791015625000e+02 1.441540069580078125e+02 2.693580627441406250e+02 4.470057373046875000e+02
1.098664550781250000e+02 5.935803222656250000e+02 7.515052795410156250e+01 2.073596038818359375e+02 1.130575103759765625e+02 4.393681640625000000e+03 1.744834594726562500e+02 1.672807617187500000e+02 1.715112060546875000e+03 4.027308349609375000e+02 3.513601989746093750e+02 3.031058349609375000e+02 5.180583496093750000e+02 1.402895050048828125e+02 2.695534362792968750e+02 4.518969726562500000e+02
1.097336883544921875e+02 5.964793701171875000e+02 7.604187011718750000e+01 2.057110900878906250e+02 1.143338241577148438e+02 4.359218261718750000e+03 1.737926940917968750e+02 1.658989410400390625e+02 1.703156127929687500e+03 4.109714355468750000e+02 3.546367797851562500e+02 3.051343078613281250e+02 5.204811401367187500e+02 1.356731567382812500e+02 2.696773376464843750e+02 4.557239379882812500e+02
