1.030879592895507812e+02 5.012731933593750000e+02 8.149542236328125000e+01 1.196454010009765625e+02 1.434917907714843750e+02 3.610357910156250000e+03 1.779243621826171875e+02 1.748210144042968750e+02 1.678085815429687500e+03 3.528548583984375000e+02 2.913843078613281250e+02 3.706838989257812500e+02 5.721778564453125000e+02 1.378717041015625000e+02 2.554460296630859375e+02 3.516424865722656250e+02
1.071038055419921875e+02 5.090039672851562500e+02 8.354654693603515625e+01 1.261689987182617188e+02 1.493880920410156250e+02 3.635318847656250000e+03 1.775740356445312500e+02 1.795183868408203125e+02 1.677286865234375000e+03 3.501531982421875000e+02 3.003092651367187500e+02 3.822126464843750000e+02 5.811818847656250000e+02 1.332424468994140625e+02 2.683318481445312500e+02 3.592474975585937500e+02
1.057624893188476562e+02 5.163706665039062500e+02 8.335574340820312500e+01 1.313533020019531250e+02 1.534110107421875000e+02 3.613418212890625000e+03 1.773824462890625000e+02 1.818866424560546875e+02 1.691400390625000000e+03 3.472473449707031250e+02 3.054765625000000000e+02 3.874312133789062500e+02 5.824324951171875000e+02 1.258509063720703125e+02 2.793933410644531250e+02 3.652923889160156250e+02
1.068455276489257812e+02 5.181961059570312500e+02 8.123176574707031250e+01 1.327382049560546875e+02 1.554465026855468750e+02 3.525555419921875000e+03 1.753540649414062500e+02 1.803758544921875000e+02 1.693063110351562500e+03 3.448612670898437500e+02 3.032097778320312500e+02 3.887626953125000000e+02 5.883708496093750000e+02 1.216819992065429688e+02 2.856883544921875000e+02 3.650449218750000000e+02
1.077379226684570312e+02 5.247962036132812500e+02 7.943927001953125000e+01 1.318915405273437500e+02 1.571307373046875000e+02 3.532827636718750000e+03 1.726554718017578125e+02 1.804941864013671875e+02 1.685403320312500000e+03 3.501002197265625000e+02 3.063378906250000000e+02 3.899680786132812500e+02 5.849829711914062500e+02 1.195664978027343750e+02 2.896914062500000000e+02 3.654995727539062500e+02
1.030747222900390625e+02 5.300087890625000000e+02 7.554313659667968750e+01 1.305229339599609375e+02 1.577870178222656250e+02 3.530870849609375000e+03 1.696238708496093750e+02 1.822964324951171875e+02 1.674892700195312500e+03 3.575212402343750000e+02 3.106581115722656250e+02 3.890968627929687500e+02 5.760196533203125000e+02 1.191110229492187500e+02 2.878627624511718750e+02 3.681441040039062500e+02
9.729090881347656250e+01 5.348447265625000000e+02 7.042327880859375000e+01 1.279400939941406250e+02 1.579048767089843750e+02 3.522484619140625000e+03 1.702270965576171875e+02 1.818225097656250000e+02 1.647653076171875000e+03 3.660383911132812500e+02 3.161758117675781250e+02 3.872393188476562500e+02 5.718652954101562500e+02 1.165535278320312500e+02 2.837692871093750000e+02 3.683676757812500000e+02
9.345101928710937500e+01 5.375526123046875000e+02 6.742096710205078125e+01 1.257550048828125000e+02 1.591855163574218750e+02 3.472521972656250000e+03 1.687020263671875000e+02 1.814945068359375000e+02 1.617480346679687500e+03 3.689259643554687500e+02 3.220610046386718750e+02 3.863610839843750000e+02 5.739238281250000000e+02 1.152955551147460938e+02 2.712916870117187500e+02 3.655964660644531250e+02
8.977839660644531250e+01 5.361672973632812500e+02 6.360602188110351562e+01 1.229476318359375000e+02 1.596533508300781250e+02 3.471960205078125000e+03 1.679260253906250000e+02 1.776123962402343750e+02 1.592526123046875000e+03 3.671215820312500000e+02 3.261658935546875000e+02 3.839724731445312500e+02 5.720031738281250000e+02 1.142709960937500000e+02 2.610523681640625000e+02 3.643450317382812500e+02
8.975799560546875000e+01 5.344114990234375000e+02 6.030327987670898438e+01 1.221693267822265625e+02 1.595419158935546875e+02 3.425550048828125000e+03 1.671309967041015625e+02 1.760348968505859375e+02 1.556717895507812500e+03 3.657357482910156250e+02 3.305396118164062500e+02 3.828067932128906250e+02 5.655006103515625000e+02 1.138020858764648438e+02 2.516947784423828125e+02 3.604817504882812500e+02
8.870503234863281250e+01 5.352008666992187500e+02 5.988529968261718750e+01 1.220303649902343750e+02 1.601168212890625000e+02 3.288759277343750000e+03 1.658036804199218750e+02 1.746019744873046875e+02 1.518990844726562500e+03 3.649377441406250000e+02 3.349037170410156250e+02 3.800166015625000000e+02 5.623015136718750000e+02 1.127037353515625000e+02 2.453773193359375000e+02 3.595065307617187500e+02
8.784442138671875000e+01 5.366768798828125000e+02 5.846678924560546875e+01 1.215194549560546875e+02 1.597112426757812500e+02 3.118605224609375000e+03 1.641280670166015625e+02 1.728846130371093750e+02 1.485064819335937500e+03 3.679110717773437500e+02 3.388984985351562500e+02 3.769122009277343750e+02 5.570141601562500000e+02 1.128048400878906250e+02 2.385578308105468750e+02 3.593122253417968750e+02
8.380465698242187500e+01 5.258511962890625000e+02 5.497678375244140625e+01 1.124454498291015625e+02 1.600158996582031250e+02 2.998496093750000000e+03 1.582847290039062500e+02 1.671374969482421875e+02 1.427429077148437500e+03 3.622814941406250000e+02 3.342051391601562500e+02 3.727887573242187500e+02 5.471957397460937500e+02 1.114518737792968750e+02 2.357920837402343750e+02 3.563807678222656250e+02
7.413594055175781250e+01 4.835358276367187500e+02 4.456713104248046875e+01 8.741911315917968750e+01 1.579573822021484375e+02 2.832836669921875000e+03 1.448287811279296875e+02 1.511889038085937500e+02 1.296183227539062500e+03 3.331795959472656250e+02 3.039713134765625000e+02 3.653349609375000000e+02 5.150886230468750000e+02 1.037961196899414062e+02 2.192447357177734375e+02 3.364025573730468750e+02
6.051545715332031250e+01 4.122340087890625000e+02 2.632931900024414062e+01 5.292372131347656250e+01 1.512936553955078125e+02 2.629690429687500000e+03 1.261075820922851562e+02 1.260184707641601562e+02 1.153336914062500000e+03 2.968045043945312500e+02 2.497889709472656250e+02 3.463475952148437500e+02 4.527816162109375000e+02 9.238810729980468750e+01 1.932042083740234375e+02 3.021019897460937500e+02
4.871726226806640625e+01 3.447851257324218750e+02 7.175582885742187500e+00 2.688990783691406250e+01 1.414490966796875000e+02 2.485973388671875000e+03 1.081039657592773438e+02 1.004417572021484375e+02 1.009446594238281250e+03 2.650814208984375000e+02 1.998249359130859375e+02 3.194794616699218750e+02 3.689686889648437500e+02 8.255267333984375000e+01 1.655512390136718750e+02 2.719674682617187500e+02
5.524224090576171875e+01 3.612064514160156250e+02 1.226861190795898438e+01 4.279010009765625000e+01 1.416915283203125000e+02 2.526393798828125000e+03 1.138895111083984375e+02 1.080049285888671875e+02 1.044646728515625000e+03 2.798170166015625000e+02 2.135869445800781250e+02 3.197574462890625000e+02 3.638423156738281250e+02 8.692803192138671875e+01 1.685459899902343750e+02 2.902327880859375000e+02
7.625567626953125000e+01 4.534146728515625000e+02 4.104932022094726562e+01 9.075907897949218750e+01 1.571252746582031250e+02 2.776220214843750000e+03 1.391703033447265625e+02 1.418446044921875000e+02 1.234924804687500000e+03 3.435258789062500000e+02 2.829373779296875000e+02 3.594246215820312500e+02 4.972075195312500000e+02 1.068412933349609375e+02 2.053988037109375000e+02 3.515898742675781250e+02
8.941120910644531250e+01 5.103765869140625000e+02 6.017591094970703125e+01 1.198631439208984375e+02 1.645026855468750000e+02 3.032796142578125000e+03 1.540539245605468750e+02 1.631345367431640625e+02 1.353900024414062500e+03 3.865052490234375000e+02 3.264732055664062500e+02 3.764812927246093750e+02 5.688103027343750000e+02 1.209803161621093750e+02 2.329204254150390625e+02 3.956608276367187500e+02
9.508280944824218750e+01 5.248489379882812500e+02 6.807304382324218750e+01 1.348735046386718750e+02 1.659043884277343750e+02 3.228123535156250000e+03 1.569345397949218750e+02 1.726220855712890625e+02 1.408402954101562500e+03 4.057639770507812500e+02 3.435891418457031250e+02 3.787507324218750000e+02 5.846922607421875000e+02 1.288603820800781250e+02 2.453427429199218750e+02 4.217669067382812500e+02
1.009523162841796875e+02 5.278653564453125000e+02 7.127559661865234375e+01 1.448935394287109375e+02 1.645971374511718750e+02 3.302977294921875000e+03 1.601787414550781250e+02 1.762512054443359375e+02 1.430718017578125000e+03 4.179732055664062500e+02 3.485301513671875000e+02 3.754539794921875000e+02 5.839013061523437500e+02 1.338312835693359375e+02 2.541961975097656250e+02 4.409061584472656250e+02
1.066118316650390625e+02 5.330549316406250000e+02 7.610077667236328125e+01 1.561730041503906250e+02 1.634260406494140625e+02 3.352416503906250000e+03 1.616452484130859375e+02 1.810101013183593750e+02 1.479827880859375000e+03 4.180195312500000000e+02 3.547278137207031250e+02 3.740487670898437500e+02 5.803118896484375000e+02 1.359715728759765625e+02 2.560004272460937500e+02 4.518801269531250000e+02
9.550917053222656250e+01 4.741984863281250000e+02 6.516458129882812500e+01 1.348156433105468750e+02 1.451064147949218750e+02 3.446968261718750000e+03 1.475258483886718750e+02 1.581961059570312500e+02 1.404110473632812500e+03 3.791746520996093750e+02 3.106475524902343750e+02 3.236018371582031250e+02 5.477860717773437500e+02 1.198092727661132812e+02 2.347757263183593750e+02 4.118013000488281250e+02
9.805938720703125000e+01 4.672069702148437500e+02 6.661634826660156250e+01 1.439530029296875000e+02 1.389143676757812500e+02 3.565278076171875000e+03 1.478636932373046875e+02 1.567875366210937500e+02 1.445409301757812500e+03 3.889146118164062500e+02 3.065213012695312500e+02 3.079581298828125000e+02 5.605648193359375000e+02 1.164751815795898438e+02 2.327561035156250000e+02 4.047498168945312500e+02
9.948602294921875000e+01 4.648265686035156250e+02 6.707909393310546875e+01 1.508115844726562500e+02 1.342946166992187500e+02 3.654923095703125000e+03 1.470637664794921875e+02 1.570621948242187500e+02 1.496677368164062500e+03 4.028110351562500000e+02 3.031903076171875000e+02 3.048994445800781250e+02 5.772475585937500000e+02 1.139003601074218750e+02 2.334985198974609375e+02 4.002164611816406250e+02
9.679381561279296875e+01 4.518230285644531250e+02 6.298712539672851562e+01 1.489734344482421875e+02 1.280946044921875000e+02 3.574782226562500000e+03 1.455729980468750000e+02 1.519036102294921875e+02 1.498281616210937500e+03 4.084196166992187500e+02 2.929808349609375000e+02 3.005422973632812500e+02 5.839472045898437500e+02 1.100142517089843750e+02 2.265526733398437500e+02 3.864849243164062500e+02
8.828955078125000000e+01 4.315628051757812500e+02 5.510354232788085938e+01 1.383860778808593750e+02 1.222174758911132812e+02 3.452149902343750000e+03 1.411065979003906250e+02 1.423885040283203125e+02 1.464631835937500000e+03 3.964292602539062500e+02 2.743309936523437500e+02 2.937362670898437500e+02 5.729044189453125000e+02 1.039580688476562500e+02 2.174427337646484375e+02 3.689173278808593750e+02
7.952661132812500000e+01 4.080653076171875000e+02 4.357981491088867188e+01 1.203362426757812500e+02 1.149991378784179688e+02 3.349913574218750000e+03 1.323111877441406250e+02 1.293186340332031250e+02 1.398987060546875000e+03 3.766197509765625000e+02 2.529198303222656250e+02 2.894982299804687500e+02 5.474747314453125000e+02 9.639447021484375000e+01 2.038662719726562500e+02 3.479372863769531250e+02
7.047117614746093750e+01 3.882626342773437500e+02 3.368418884277343750e+01 1.032248687744140625e+02 1.077034454345703125e+02 3.209836914062500000e+03 1.250518341064453125e+02 1.203182907104492188e+02 1.342134277343750000e+03 3.601865539550781250e+02 2.333351287841796875e+02 2.856624755859375000e+02 5.179161376953125000e+02 9.090718841552734375e+01 1.902155151367187500e+02 3.311307373046875000e+02
6.614614868164062500e+01 3.812611389160156250e+02 2.732318496704101562e+01 9.300323486328125000e+01 1.034701843261718750e+02 3.098021484375000000e+03 1.221199111938476562e+02 1.149542007446289062e+02 1.303674804687500000e+03 3.440340576171875000e+02 2.232455596923828125e+02 2.823778991699218750e+02 4.948775024414062500e+02 8.894848632812500000e+01 1.795058288574218750e+02 3.233432617187500000e+02
6.522322082519531250e+01 3.895042724609375000e+02 2.596786499023437500e+01 9.310432434082031250e+01 1.069549102783203125e+02 3.053810546875000000e+03 1.223071365356445312e+02 1.177818908691406250e+02 1.299490722656250000e+03 3.399974060058593750e+02 2.247502899169921875e+02 2.925469665527343750e+02 4.912464294433593750e+02 8.868203735351562500e+01 1.714693298339843750e+02 3.234563598632812500e+02
6.607809448242187500e+01 4.008193359375000000e+02 2.875146102905273438e+01 9.868812561035156250e+01 1.122028656005859375e+02 3.044307617187500000e+03 1.229419250488281250e+02 1.222339477539062500e+02 1.297715576171875000e+03 3.420054321289062500e+02 2.304048004150390625e+02 3.047943115234375000e+02 5.016605834960937500e+02 9.034079742431640625e+01 1.706006164550781250e+02 3.292247619628906250e+02
6.808586120605468750e+01 4.165249023437500000e+02 3.394576263427734375e+01 1.092680969238281250e+02 1.159902420043945312e+02 3.108596679687500000e+03 1.240690689086914062e+02 1.264328994750976562e+02 1.308999511718750000e+03 3.488913269042968750e+02 2.389631652832031250e+02 3.158343200683593750e+02 5.174964599609375000e+02 9.366845703125000000e+01 1.746575622558593750e+02 3.394032287597656250e+02
7.219761657714843750e+01 4.308939819335937500e+02 3.953958129882812500e+01 1.188975830078125000e+02 1.174384231567382812e+02 3.172812988281250000e+03 1.266807861328125000e+02 1.310785827636718750e+02 1.307158935546875000e+03 3.497256774902343750e+02 2.472632598876953125e+02 3.238950805664062500e+02 5.288211669921875000e+02 9.646287536621093750e+01 1.818142242431640625e+02 3.512326049804687500e+02
7.443371582031250000e+01 4.429235229492187500e+02 4.284014892578125000e+01 1.230515441894531250e+02 1.191373291015625000e+02 3.244961425781250000e+03 1.311448822021484375e+02 1.346283874511718750e+02 1.285005615234375000e+03 3.443247985839843750e+02 2.530384826660156250e+02 3.255357666015625000e+02 5.325201416015625000e+02 9.781407165527343750e+01 1.894263305664062500e+02 3.562056579589843750e+02
7.698046875000000000e+01 4.563004150390625000e+02 4.938750457763671875e+01 1.260075836181640625e+02 1.216372833251953125e+02 3.314062988281250000e+03 1.349593811035156250e+02 1.382254943847656250e+02 1.232374145507812500e+03 3.284188537597656250e+02 2.577542114257812500e+02 3.319516601562500000e+02 5.241585693359375000e+02 9.772778320312500000e+01 1.966970214843750000e+02 3.680540161132812500e+02
8.222427368164062500e+01 4.652866821289062500e+02 5.415341186523437500e+01 1.264166336059570312e+02 1.219227523803710938e+02 3.402697509765625000e+03 1.380514373779296875e+02 1.406048126220703125e+02 1.247082641601562500e+03 3.263772277832031250e+02 2.585891113281250000e+02 3.326757202148437500e+02 5.310202636718750000e+02 9.774076843261718750e+01 2.021539611816406250e+02 3.769272155761718750e+02
8.600663757324218750e+01 4.665421142578125000e+02 5.613912200927734375e+01 1.236052093505859375e+02 1.211887664794921875e+02 3.418822021484375000e+03 1.391739501953125000e+02 1.404507141113281250e+02 1.271734985351562500e+03 3.305759277343750000e+02 2.575052490234375000e+02 3.308427734375000000e+02 5.401766357421875000e+02 9.646609497070312500e+01 2.027384490966796875e+02 3.779635009765625000e+02
8.488983154296875000e+01 4.686805419921875000e+02 5.867589187622070312e+01 1.210877532958984375e+02 1.211220703125000000e+02 3.465683593750000000e+03 1.390141906738281250e+02 1.398439941406250000e+02 1.321038330078125000e+03 3.345386352539062500e+02 2.566685791015625000e+02 3.271243896484375000e+02 5.488477783203125000e+02 9.801136016845703125e+01 2.043388519287109375e+02 3.752371215820312500e+02
8.614404296875000000e+01 4.693184204101562500e+02 6.290907287597656250e+01 1.195075225830078125e+02 1.206040954589843750e+02 3.513903320312500000e+03 1.387285766601562500e+02 1.399566040039062500e+02 1.359382812500000000e+03 3.340391235351562500e+02 2.547695922851562500e+02 3.263629455566406250e+02 5.564409790039062500e+02 1.027313690185546875e+02 2.117658081054687500e+02 3.704212646484375000e+02
8.859766387939453125e+01 4.750906372070312500e+02 6.714326477050781250e+01 1.204552917480468750e+02 1.205750198364257812e+02 3.646104736328125000e+03 1.385221099853515625e+02 1.424392089843750000e+02 1.382516723632812500e+03 3.241767883300781250e+02 2.560175170898437500e+02 3.275140686035156250e+02 5.581773681640625000e+02 1.085569152832031250e+02 2.243121032714843750e+02 3.689012145996093750e+02
9.008972930908203125e+01 4.775586547851562500e+02 6.930747222900390625e+01 1.209064636230468750e+02 1.212858886718750000e+02 3.732121582031250000e+03 1.400277252197265625e+02 1.410662231445312500e+02 1.396962646484375000e+03 3.162407836914062500e+02 2.587196044921875000e+02 3.260766906738281250e+02 5.554506225585937500e+02 1.123724670410156250e+02 2.395659637451171875e+02 3.696585083007812500e+02
9.240932464599609375e+01 4.829825439453125000e+02 7.102639007568359375e+01 1.235249176025390625e+02 1.223181991577148438e+02 3.788072509765625000e+03 1.422302856445312500e+02 1.404902954101562500e+02 1.403757202148437500e+03 3.182219848632812500e+02 2.627229614257812500e+02 3.269030761718750000e+02 5.534583740234375000e+02 1.180618896484375000e+02 2.529734191894531250e+02 3.746582031250000000e+02
9.564758300781250000e+01 4.890201416015625000e+02 7.124250793457031250e+01 1.287697448730468750e+02 1.226943817138671875e+02 3.789763183593750000e+03 1.447889099121093750e+02 1.387205352783203125e+02 1.469233154296875000e+03 3.170203857421875000e+02 2.689600524902343750e+02 3.265511779785156250e+02 5.527305908203125000e+02 1.230800018310546875e+02 2.638457641601562500e+02 3.833062438964843750e+02
9.738359069824218750e+01 4.930586242675781250e+02 7.061869812011718750e+01 1.324570617675781250e+02 1.224666442871093750e+02 3.724514648437500000e+03 1.461688385009765625e+02 1.369934692382812500e+02 1.544214721679687500e+03 3.139702453613281250e+02 2.723529052734375000e+02 3.233422546386718750e+02 5.517161865234375000e+02 1.241922912597656250e+02 2.655021667480468750e+02 3.912424926757812500e+02
1.007225723266601562e+02 4.960305786132812500e+02 7.128377532958984375e+01 1.346716308593750000e+02 1.233718795776367188e+02 3.637629882812500000e+03 1.482123260498046875e+02 1.371079406738281250e+02 1.587358398437500000e+03 3.076821899414062500e+02 2.751093750000000000e+02 3.223131713867187500e+02 5.493324584960937500e+02 1.288466491699218750e+02 2.687829589843750000e+02 3.949348449707031250e+02
1.029071960449218750e+02 5.038953552246093750e+02 7.182714080810546875e+01 1.389683990478515625e+02 1.280032043457031250e+02 3.682466796875000000e+03 1.511795654296875000e+02 1.357149353027343750e+02 1.641993896484375000e+03 3.099100952148437500e+02 2.815929260253906250e+02 3.229270629882812500e+02 5.480267333984375000e+02 1.350432281494140625e+02 2.665042724609375000e+02 4.027727966308593750e+02
1.025514526367187500e+02 5.078204956054687500e+02 7.010123443603515625e+01 1.411246643066406250e+02 1.306494750976562500e+02 3.686779541015625000e+03 1.510469207763671875e+02 1.321874084472656250e+02 1.670103515625000000e+03 3.114719543457031250e+02 2.811930541992187500e+02 3.217620239257812500e+02 5.432899169921875000e+02 1.357540130615234375e+02 2.667123413085937500e+02 4.091653747558593750e+02
9.883393859863281250e+01 5.037141113281250000e+02 6.594353485107421875e+01 1.437887420654296875e+02 1.307840576171875000e+02 3.728386474609375000e+03 1.489673004150390625e+02 1.304986877441406250e+02 1.679988525390625000e+03 3.119344482421875000e+02 2.787997741699218750e+02 3.147704772949218750e+02 5.371340942382812500e+02 1.357248077392578125e+02 2.660713195800781250e+02 4.077967834472656250e+02
9.319784545898437500e+01 4.969299316406250000e+02 6.184105682373046875e+01 1.449983825683593750e+02 1.300614776611328125e+02 3.685517089843750000e+03 1.471899261474609375e+02 1.271921386718750000e+02 1.688771606445312500e+03 3.106595153808593750e+02 2.760007934570312500e+02 3.072646789550781250e+02 5.331109619140625000e+02 1.361212005615234375e+02 2.604703979492187500e+02 4.064921264648437500e+02
8.875804138183593750e+01 5.008385009765625000e+02 6.155340576171875000e+01 1.508375244140625000e+02 1.360355072021484375e+02 3.753858398437500000e+03 1.464722595214843750e+02 1.274981155395507812e+02 1.686173339843750000e+03 3.142246093750000000e+02 2.761483459472656250e+02 3.126253051757812500e+02 5.369706420898437500e+02 1.349298400878906250e+02 2.589109497070312500e+02 4.084911804199218750e+02
8.934864807128906250e+01 5.053491210937500000e+02 6.269879150390625000e+01 1.545699920654296875e+02 1.461083679199218750e+02 3.805884277343750000e+03 1.465703430175781250e+02 1.285494537353515625e+02 1.672770385742187500e+03 3.312062988281250000e+02 2.806054992675781250e+02 3.259155273437500000e+02 5.478263549804687500e+02 1.318250732421875000e+02 2.601722412109375000e+02 4.143993530273437500e+02
8.872982025146484375e+01 5.189933471679687500e+02 6.400172424316406250e+01 1.569864959716796875e+02 1.543023529052734375e+02 3.826604980468750000e+03 1.463183135986328125e+02 1.286220092773437500e+02 1.658316772460937500e+03 3.488091735839843750e+02 2.890350341796875000e+02 3.379909057617187500e+02 5.606263427734375000e+02 1.274169464111328125e+02 2.634187316894531250e+02 4.237805480957031250e+02
9.116154479980468750e+01 5.343744506835937500e+02 6.767358398437500000e+01 1.609140625000000000e+02 1.613333740234375000e+02 3.847603271484375000e+03 1.478256530761718750e+02 1.299324645996093750e+02 1.641442749023437500e+03 3.678547363281250000e+02 3.015467834472656250e+02 3.501631164550781250e+02 5.770054931640625000e+02 1.226226348876953125e+02 2.674662475585937500e+02 4.346733703613281250e+02
9.514905548095703125e+01 5.524575195312500000e+02 7.076316070556640625e+01 1.690633087158203125e+02 1.659284362792968750e+02 3.949464599609375000e+03 1.486355743408203125e+02 1.327365264892578125e+02 1.621661865234375000e+03 3.760708618164062500e+02 3.124530334472656250e+02 3.581081848144531250e+02 5.917010498046875000e+02 1.188129119873046875e+02 2.682644348144531250e+02 4.450413818359375000e+02
9.791603851318359375e+01 5.608396606445312500e+02 7.323729705810546875e+01 1.714284973144531250e+02 1.690681152343750000e+02 4.022084228515625000e+03 1.502212524414062500e+02 1.349863891601562500e+02 1.598520996093750000e+03 3.764353027343750000e+02 3.171375732421875000e+02 3.614983520507812500e+02 6.006372680664062500e+02 1.155609436035156250e+02 2.655298461914062500e+02 4.542051086425781250e+02
9.854666137695312500e+01 5.604400634765625000e+02 7.366072082519531250e+01 1.690599975585937500e+02 1.704859619140625000e+02 4.071511718750000000e+03 1.541263427734375000e+02 1.343035583496093750e+02 1.531998291015625000e+03 3.803697509765625000e+02 3.140307922363281250e+02 3.629351501464843750e+02 5.975843505859375000e+02 1.154758911132812500e+02 2.596026306152343750e+02 4.522901916503906250e+02
1.018432083129882812e+02 5.489016113281250000e+02 7.173420715332031250e+01 1.658868103027343750e+02 1.705453796386718750e+02 4.084860107421875000e+03 1.540291748046875000e+02 1.329487915039062500e+02 1.465635986328125000e+03 3.759028320312500000e+02 3.078329772949218750e+02 3.574535522460937500e+02 5.956525268554687500e+02 1.146221084594726562e+02 2.497540893554687500e+02 4.445161437988281250e+02
