9.296096801757812500e+01 4.596822204589843750e+02 7.074324798583984375e+01 1.023060760498046875e+02 1.461038818359375000e+02 3.257643066406250000e+03 1.609830017089843750e+02 1.627852478027343750e+02 1.530813842773437500e+03 3.271392517089843750e+02 2.654533081054687500e+02 3.779529113769531250e+02 5.583777465820312500e+02 1.239004058837890625e+02 2.557733917236328125e+02 3.326641235351562500e+02
9.600869750976562500e+01 4.705512390136718750e+02 7.195937347412109375e+01 1.101718139648437500e+02 1.487141113281250000e+02 3.348085205078125000e+03 1.616062622070312500e+02 1.672783966064453125e+02 1.542578613281250000e+03 3.260724182128906250e+02 2.765665893554687500e+02 3.842109985351562500e+02 5.614809570312500000e+02 1.179245223999023438e+02 2.690356140136718750e+02 3.438910827636718750e+02
9.341467285156250000e+01 4.790400390625000000e+02 7.074295043945312500e+01 1.146409301757812500e+02 1.519233093261718750e+02 3.402764160156250000e+03 1.625639038085937500e+02 1.694588775634765625e+02 1.578837646484375000e+03 3.243073425292968750e+02 2.814042358398437500e+02 3.868582153320312500e+02 5.546276855468750000e+02 1.094205322265625000e+02 2.769350585937500000e+02 3.508369750976562500e+02
9.663859558105468750e+01 4.830165405273437500e+02 6.676546478271484375e+01 1.140359039306640625e+02 1.553730468750000000e+02 3.362912597656250000e+03 1.603511505126953125e+02 1.660247192382812500e+02 1.589000610351562500e+03 3.242156982421875000e+02 2.778074340820312500e+02 3.883700561523437500e+02 5.644447631835937500e+02 1.081096954345703125e+02 2.791719970703125000e+02 3.483269958496093750e+02
9.702718353271484375e+01 4.909223022460937500e+02 6.397051620483398438e+01 1.106643676757812500e+02 1.581363983154296875e+02 3.399209716796875000e+03 1.585223236083984375e+02 1.641838378906250000e+02 1.576354736328125000e+03 3.337791748046875000e+02 2.816074829101562500e+02 3.902007446289062500e+02 5.634254150390625000e+02 1.087118530273437500e+02 2.813108215332031250e+02 3.462975463867187500e+02
9.102328491210937500e+01 4.939871215820312500e+02 6.095312881469726562e+01 1.080019378662109375e+02 1.591969299316406250e+02 3.398365722656250000e+03 1.553681030273437500e+02 1.661920776367187500e+02 1.559714477539062500e+03 3.432889404296875000e+02 2.865483398437500000e+02 3.888429565429687500e+02 5.543031005859375000e+02 1.097170715332031250e+02 2.768090515136718750e+02 3.485197143554687500e+02
8.558937835693359375e+01 5.042290039062500000e+02 5.695960235595703125e+01 1.058005371093750000e+02 1.598245544433593750e+02 3.357593261718750000e+03 1.594672698974609375e+02 1.673114929199218750e+02 1.530151855468750000e+03 3.559735412597656250e+02 2.956035766601562500e+02 3.872633361816406250e+02 5.527391357421875000e+02 1.095619430541992188e+02 2.713573608398437500e+02 3.491029968261718750e+02
8.305928039550781250e+01 5.102347412109375000e+02 5.520496368408203125e+01 1.053694763183593750e+02 1.621973266601562500e+02 3.348635009765625000e+03 1.586660156250000000e+02 1.683183288574218750e+02 1.507333862304687500e+03 3.593269348144531250e+02 3.055350341796875000e+02 3.867674560546875000e+02 5.597415771484375000e+02 1.094177398681640625e+02 2.557770538330078125e+02 3.466908569335937500e+02
8.022290039062500000e+01 5.089723815917968750e+02 5.237281417846679688e+01 1.034658355712890625e+02 1.624553527832031250e+02 3.316810546875000000e+03 1.593172607421875000e+02 1.635317993164062500e+02 1.485735473632812500e+03 3.558287353515625000e+02 3.098644104003906250e+02 3.836679382324218750e+02 5.596213378906250000e+02 1.089575500488281250e+02 2.441926422119140625e+02 3.452266845703125000e+02
8.129302978515625000e+01 5.050331115722656250e+02 5.006071853637695312e+01 1.034316711425781250e+02 1.622214660644531250e+02 3.354234619140625000e+03 1.577876434326171875e+02 1.626455383300781250e+02 1.454898071289062500e+03 3.505153503417968750e+02 3.137557067871093750e+02 3.828329772949218750e+02 5.499838867187500000e+02 1.087195892333984375e+02 2.348781433105468750e+02 3.410125122070312500e+02
8.049596405029296875e+01 5.045225219726562500e+02 5.039728546142578125e+01 1.031974334716796875e+02 1.627327880859375000e+02 3.343878906250000000e+03 1.558410644531250000e+02 1.615511779785156250e+02 1.421654052734375000e+03 3.480733642578125000e+02 3.164461059570312500e+02 3.808224487304687500e+02 5.456936035156250000e+02 1.071989898681640625e+02 2.302547912597656250e+02 3.406212768554687500e+02
7.847956085205078125e+01 5.030999145507812500e+02 4.903581237792968750e+01 1.026082611083984375e+02 1.619894409179687500e+02 3.249041992187500000e+03 1.536861572265625000e+02 1.592835083007812500e+02 1.391356323242187500e+03 3.501954345703125000e+02 3.191472167968750000e+02 3.769859008789062500e+02 5.366992187500000000e+02 1.074786682128906250e+02 2.241059265136718750e+02 3.402341003417968750e+02
7.708255004882812500e+01 4.983319091796875000e+02 4.715446090698242188e+01 1.000192413330078125e+02 1.620627288818359375e+02 3.114129150390625000e+03 1.499064941406250000e+02 1.560587310791015625e+02 1.368959228515625000e+03 3.515588378906250000e+02 3.182126770019531250e+02 3.719755859375000000e+02 5.234476318359375000e+02 1.081664352416992188e+02 2.263032531738281250e+02 3.441076049804687500e+02
7.834022521972656250e+01 4.897922363281250000e+02 4.599077224731445312e+01 9.302046203613281250e+01 1.600510711669921875e+02 3.007004394531250000e+03 1.455293731689453125e+02 1.534812469482421875e+02 1.319878662109375000e+03 3.422632141113281250e+02 3.119909667968750000e+02 3.654392395019531250e+02 5.072353820800781250e+02 1.081521301269531250e+02 2.219982147216796875e+02 3.453044738769531250e+02
7.340468597412109375e+01 4.605810241699218750e+02 4.122729492187500000e+01 7.783992004394531250e+01 1.542095336914062500e+02 2.786707031250000000e+03 1.385218505859375000e+02 1.445341491699218750e+02 1.236250732421875000e+03 3.310170288085937500e+02 2.910691223144531250e+02 3.491499023437500000e+02 4.802680969238281250e+02 1.045603256225585938e+02 2.148529815673828125e+02 3.370000610351562500e+02
5.714651489257812500e+01 3.866678771972656250e+02 2.273608398437500000e+01 3.956407165527343750e+01 1.376300964355468750e+02 2.439568359375000000e+03 1.171910247802734375e+02 1.157916259765625000e+02 1.041026733398437500e+03 2.936556396484375000e+02 2.367602081298828125e+02 3.090287475585937500e+02 3.864039611816406250e+02 9.195153808593750000e+01 1.884421081542968750e+02 3.020316162109375000e+02
3.115291595458984375e+01 2.645824279785156250e+02 -1.186993408203125000e+01 -1.875875854492187500e+01 1.203264617919921875e+02 2.168114013671875000e+03 8.559288787841796875e+01 7.258740234375000000e+01 8.295711059570312500e+02 2.208607330322265625e+02 1.431702575683593750e+02 2.659683837890625000e+02 2.369698333740234375e+02 6.759907531738281250e+01 1.378934326171875000e+02 2.350667724609375000e+02
2.939176177978515625e+01 2.522741394042968750e+02 -1.436685943603515625e+01 -2.098400878906250000e+01 1.291395111083984375e+02 2.128034667968750000e+03 8.333771514892578125e+01 6.823780822753906250e+01 8.671261596679687500e+02 2.208491668701171875e+02 1.311473999023437500e+02 2.787141418457031250e+02 2.483764495849609375e+02 6.567704010009765625e+01 1.334075317382812500e+02 2.337104034423828125e+02
6.666996002197265625e+01 4.122471008300781250e+02 3.225949478149414062e+01 6.735842895507812500e+01 1.519887390136718750e+02 2.583601562500000000e+03 1.270027084350585938e+02 1.275763549804687500e+02 1.173060668945312500e+03 3.226136169433593750e+02 2.511389617919921875e+02 3.439695434570312500e+02 4.536279907226562500e+02 1.010033721923828125e+02 1.964322204589843750e+02 3.387269592285156250e+02
8.682243347167968750e+01 4.870318908691406250e+02 5.551142120361328125e+01 1.207517395019531250e+02 1.577835083007812500e+02 3.141554199218750000e+03 1.478769836425781250e+02 1.594109039306640625e+02 1.338451171875000000e+03 3.796194763183593750e+02 3.130593872070312500e+02 3.598438415527343750e+02 5.282459716796875000e+02 1.212407913208007812e+02 2.302773132324218750e+02 3.992615661621093750e+02
9.536900329589843750e+01 4.991940612792968750e+02 6.061940383911132812e+01 1.367415771484375000e+02 1.572534484863281250e+02 3.388004638671875000e+03 1.539364471435546875e+02 1.660968017578125000e+02 1.372789794921875000e+03 3.948861389160156250e+02 3.248421020507812500e+02 3.580759277343750000e+02 5.356769409179687500e+02 1.274696350097656250e+02 2.415831451416015625e+02 4.210431213378906250e+02
1.002869415283203125e+02 5.040740966796875000e+02 6.503026580810546875e+01 1.469351501464843750e+02 1.554348602294921875e+02 3.495164306640625000e+03 1.556061553955078125e+02 1.695839385986328125e+02 1.421430664062500000e+03 3.896937255859375000e+02 3.300416564941406250e+02 3.556329345703125000e+02 5.301282348632812500e+02 1.283558197021484375e+02 2.418157958984375000e+02 4.279970703125000000e+02
1.018967285156250000e+02 4.903392639160156250e+02 7.023239898681640625e+01 1.534171752929687500e+02 1.542105407714843750e+02 3.421414062500000000e+03 1.541686859130859375e+02 1.644935455322265625e+02 1.426253784179687500e+03 3.786539306640625000e+02 3.222752075195312500e+02 3.389135131835937500e+02 5.570821533203125000e+02 1.226524200439453125e+02 2.419610290527343750e+02 4.205653991699218750e+02
9.347747039794921875e+01 4.445783386230468750e+02 6.121238708496093750e+01 1.364084472656250000e+02 1.405531921386718750e+02 3.249659179687500000e+03 1.427220153808593750e+02 1.482347717285156250e+02 1.376329345703125000e+03 3.699542846679687500e+02 2.883499145507812500e+02 3.065224304199218750e+02 5.425855712890625000e+02 1.110138397216796875e+02 2.270495147705078125e+02 3.874983215332031250e+02
8.879618072509765625e+01 4.237924804687500000e+02 5.681597518920898438e+01 1.294187469482421875e+02 1.351573181152343750e+02 3.241863769531250000e+03 1.354127807617187500e+02 1.414780578613281250e+02 1.376152099609375000e+03 3.788866882324218750e+02 2.706583251953125000e+02 2.988833923339843750e+02 5.544605712890625000e+02 1.052597579956054688e+02 2.227841033935546875e+02 3.707071838378906250e+02
8.445680236816406250e+01 4.064183959960937500e+02 5.125536346435546875e+01 1.230924072265625000e+02 1.297680664062500000e+02 3.213418701171875000e+03 1.330998535156250000e+02 1.340440063476562500e+02 1.363866088867187500e+03 3.895941467285156250e+02 2.567997436523437500e+02 2.939544372558593750e+02 5.628644409179687500e+02 1.015240020751953125e+02 2.150395812988281250e+02 3.538743286132812500e+02
7.569198608398437500e+01 3.901990356445312500e+02 4.347220611572265625e+01 1.118410797119140625e+02 1.252794799804687500e+02 3.122399658203125000e+03 1.301445617675781250e+02 1.251715621948242188e+02 1.350595214843750000e+03 3.822090148925781250e+02 2.385822296142578125e+02 2.894862060546875000e+02 5.530910644531250000e+02 9.697560119628906250e+01 2.054202575683593750e+02 3.383014526367187500e+02
6.672518920898437500e+01 3.716127014160156250e+02 3.264441680908203125e+01 9.317201232910156250e+01 1.216708145141601562e+02 3.004397460937500000e+03 1.216464920043945312e+02 1.119970245361328125e+02 1.321465454101562500e+03 3.723247375488281250e+02 2.192686920166015625e+02 2.926636047363281250e+02 5.337436523437500000e+02 9.027317810058593750e+01 1.932802429199218750e+02 3.209533081054687500e+02
5.584024810791015625e+01 3.498168334960937500e+02 2.311861801147460938e+01 7.189773559570312500e+01 1.183858489990234375e+02 2.847841552734375000e+03 1.122364501953125000e+02 1.015526351928710938e+02 1.294472412109375000e+03 3.602274475097656250e+02 1.967115020751953125e+02 2.936175537109375000e+02 5.127250976562500000e+02 8.473394012451171875e+01 1.783586730957031250e+02 3.044842529296875000e+02
4.976070404052734375e+01 3.343382568359375000e+02 1.486434173583984375e+01 5.407363891601562500e+01 1.146428985595703125e+02 2.718593261718750000e+03 1.067877655029296875e+02 9.291107940673828125e+01 1.276719360351562500e+03 3.391115722656250000e+02 1.796673736572265625e+02 2.871722106933593750e+02 4.961151123046875000e+02 8.173133850097656250e+01 1.633686370849609375e+02 2.925316467285156250e+02
4.722402191162109375e+01 3.378007812500000000e+02 1.222069931030273438e+01 4.987396240234375000e+01 1.167175521850585938e+02 2.647706542968750000e+03 1.049601287841796875e+02 9.458930206298828125e+01 1.280938232421875000e+03 3.334638061523437500e+02 1.765747833251953125e+02 2.926257324218750000e+02 5.004953002929687500e+02 7.982776641845703125e+01 1.516785583496093750e+02 2.886413879394531250e+02
4.712056732177734375e+01 3.440064392089843750e+02 1.508020019531250000e+01 5.310028076171875000e+01 1.204775466918945312e+02 2.579827392578125000e+03 1.032604980468750000e+02 9.807169342041015625e+01 1.266098266601562500e+03 3.357115478515625000e+02 1.789984436035156250e+02 3.016968994140625000e+02 5.204267578125000000e+02 8.092633056640625000e+01 1.510570373535156250e+02 2.923072204589843750e+02
4.840474700927734375e+01 3.545394897460937500e+02 2.073353576660156250e+01 6.334889221191406250e+01 1.229493255615234375e+02 2.615064941406250000e+03 1.022865753173828125e+02 1.004234771728515625e+02 1.286396484375000000e+03 3.493395996093750000e+02 1.848146972656250000e+02 3.136357421875000000e+02 5.485604248046875000e+02 8.432170104980468750e+01 1.578242187500000000e+02 3.010895996093750000e+02
5.518584442138671875e+01 3.682238159179687500e+02 2.933028793334960938e+01 7.655113220214843750e+01 1.239218215942382812e+02 2.700928710937500000e+03 1.055218887329101562e+02 1.050292892456054688e+02 1.302558837890625000e+03 3.565086669921875000e+02 1.932926177978515625e+02 3.261819763183593750e+02 5.745180053710937500e+02 8.764794921875000000e+01 1.729806518554687500e+02 3.165834350585937500e+02
6.128009796142578125e+01 3.918513488769531250e+02 3.932802581787109375e+01 9.151670837402343750e+01 1.257548065185546875e+02 2.938501464843750000e+03 1.138838348388671875e+02 1.126275100708007812e+02 1.363379516601562500e+03 3.609083862304687500e+02 2.073836669921875000e+02 3.306553344726562500e+02 5.912655639648437500e+02 8.999851989746093750e+01 1.945171813964843750e+02 3.310525207519531250e+02
6.637479400634765625e+01 4.178747558593750000e+02 4.617554855346679688e+01 1.001787872314453125e+02 1.261042022705078125e+02 3.236482421875000000e+03 1.191007766723632812e+02 1.223587951660156250e+02 1.151503173828125000e+03 3.048384399414062500e+02 2.243164520263671875e+02 3.366746215820312500e+02 5.112728576660156250e+02 8.748771667480468750e+01 1.967242279052734375e+02 3.532982482910156250e+02
7.439479064941406250e+01 4.285820007324218750e+02 5.076737976074218750e+01 9.959335327148437500e+01 1.266486740112304688e+02 3.265258300781250000e+03 1.238326187133789062e+02 1.254671020507812500e+02 1.167654907226562500e+03 3.026642456054687500e+02 2.244855346679687500e+02 3.374226684570312500e+02 5.212794799804687500e+02 8.736067199707031250e+01 2.028453674316406250e+02 3.626243286132812500e+02
7.929526519775390625e+01 4.285789184570312500e+02 5.149533462524414062e+01 9.474218750000000000e+01 1.261307220458984375e+02 3.213244140625000000e+03 1.250883789062500000e+02 1.249111251831054688e+02 1.203250000000000000e+03 3.091807250976562500e+02 2.227671813964843750e+02 3.357761840820312500e+02 5.386779785156250000e+02 8.552744293212890625e+01 2.019041137695312500e+02 3.619228820800781250e+02
7.576312255859375000e+01 4.282241210937500000e+02 5.315073394775390625e+01 9.004365539550781250e+01 1.268700408935546875e+02 3.243889892578125000e+03 1.244615631103515625e+02 1.228601684570312500e+02 1.267384887695312500e+03 3.123366394042968750e+02 2.207838134765625000e+02 3.309683837890625000e+02 5.524139404296875000e+02 8.826144409179687500e+01 2.020364227294921875e+02 3.543784484863281250e+02
7.618599700927734375e+01 4.264369812011718750e+02 5.820985412597656250e+01 8.718435668945312500e+01 1.269459228515625000e+02 3.259258300781250000e+03 1.236758193969726562e+02 1.223413085937500000e+02 1.305050537109375000e+03 3.074125366210937500e+02 2.167307128906250000e+02 3.315699462890625000e+02 5.644158935546875000e+02 9.588428497314453125e+01 2.111802825927734375e+02 3.458476257324218750e+02
7.925709533691406250e+01 4.348096923828125000e+02 6.304586029052734375e+01 8.887049865722656250e+01 1.277278671264648438e+02 3.319893066406250000e+03 1.229764099121093750e+02 1.255743408203125000e+02 1.318514160156250000e+03 2.920583190917968750e+02 2.196618194580078125e+02 3.353131713867187500e+02 5.676134033203125000e+02 1.044770507812500000e+02 2.283190917968750000e+02 3.448071289062500000e+02
7.966977691650390625e+01 4.357515869140625000e+02 6.472159576416015625e+01 8.916932678222656250e+01 1.293142395019531250e+02 3.324413818359375000e+03 1.253283386230468750e+02 1.230455474853515625e+02 1.327643066406250000e+03 2.833409423828125000e+02 2.237480773925781250e+02 3.341305847167968750e+02 5.641888427734375000e+02 1.090097198486328125e+02 2.469960937500000000e+02 3.464393310546875000e+02
8.264450073242187500e+01 4.412534790039062500e+02 6.520819854736328125e+01 9.287687683105468750e+01 1.310090026855468750e+02 3.383706054687500000e+03 1.290492858886718750e+02 1.217775726318359375e+02 1.333724853515625000e+03 2.876625366210937500e+02 2.298430023193359375e+02 3.360917053222656250e+02 5.607320556640625000e+02 1.163443756103515625e+02 2.607602539062500000e+02 3.534451904296875000e+02
8.591823577880859375e+01 4.492418212890625000e+02 6.387162780761718750e+01 1.018224487304687500e+02 1.316204986572265625e+02 3.435711914062500000e+03 1.326633148193359375e+02 1.205610351562500000e+02 1.429850830078125000e+03 2.910154418945312500e+02 2.401591339111328125e+02 3.362365112304687500e+02 5.601268310546875000e+02 1.206064300537109375e+02 2.698631896972656250e+02 3.643880920410156250e+02
8.668069458007812500e+01 4.503367919921875000e+02 6.158497619628906250e+01 1.068764038085937500e+02 1.311876373291015625e+02 3.364068847656250000e+03 1.333876953125000000e+02 1.186042175292968750e+02 1.504639526367187500e+03 2.891382446289062500e+02 2.439482116699218750e+02 3.312682800292968750e+02 5.585821533203125000e+02 1.191400680541992188e+02 2.674869384765625000e+02 3.727894897460937500e+02
9.012608337402343750e+01 4.518554382324218750e+02 6.147148513793945312e+01 1.106827087402343750e+02 1.324179382324218750e+02 3.280895019531250000e+03 1.353954162597656250e+02 1.194154357910156250e+02 1.534291015625000000e+03 2.837898864746093750e+02 2.471550750732421875e+02 3.302722473144531250e+02 5.548593750000000000e+02 1.244431076049804688e+02 2.690671997070312500e+02 3.740400695800781250e+02
9.331184387207031250e+01 4.606094055175781250e+02 6.125594329833984375e+01 1.164123077392578125e+02 1.388780822753906250e+02 3.325638671875000000e+03 1.398529663085937500e+02 1.182065505981445312e+02 1.580092041015625000e+03 2.887542114257812500e+02 2.554298858642578125e+02 3.319134216308593750e+02 5.527457275390625000e+02 1.308636169433593750e+02 2.619210205078125000e+02 3.832113647460937500e+02
9.079291534423828125e+01 4.666648864746093750e+02 5.801735687255859375e+01 1.184945373535156250e+02 1.421340637207031250e+02 3.327958984375000000e+03 1.403370361328125000e+02 1.146707153320312500e+02 1.608591186523437500e+03 2.942967834472656250e+02 2.538753814697265625e+02 3.303850097656250000e+02 5.453646240234375000e+02 1.281896209716796875e+02 2.613337707519531250e+02 3.880485839843750000e+02
8.515063476562500000e+01 4.588453063964843750e+02 5.147100067138671875e+01 1.207336273193359375e+02 1.415933837890625000e+02 3.416277832031250000e+03 1.372767028808593750e+02 1.140341033935546875e+02 1.581288696289062500e+03 2.968538818359375000e+02 2.488008575439453125e+02 3.197927246093750000e+02 5.363578491210937500e+02 1.252645416259765625e+02 2.592148132324218750e+02 3.837343750000000000e+02
7.891351318359375000e+01 4.485821838378906250e+02 4.577724838256835938e+01 1.205034484863281250e+02 1.395724182128906250e+02 3.480236816406250000e+03 1.349072570800781250e+02 1.107425994873046875e+02 1.572095092773437500e+03 2.985585937500000000e+02 2.436307220458984375e+02 3.078986206054687500e+02 5.302354125976562500e+02 1.248641510009765625e+02 2.484099884033203125e+02 3.800462951660156250e+02
7.407271575927734375e+01 4.561705322265625000e+02 4.645014190673828125e+01 1.278302536010742188e+02 1.461127014160156250e+02 3.597962158203125000e+03 1.337783813476562500e+02 1.129787597656250000e+02 1.536606689453125000e+03 3.080798339843750000e+02 2.454849853515625000e+02 3.175610351562500000e+02 5.330734863281250000e+02 1.219775390625000000e+02 2.447725372314453125e+02 3.813060302734375000e+02
7.508015441894531250e+01 4.635098876953125000e+02 5.000084686279296875e+01 1.311279907226562500e+02 1.543498382568359375e+02 3.638044921875000000e+03 1.341988830566406250e+02 1.153294525146484375e+02 1.488912109375000000e+03 3.331998901367187500e+02 2.531481323242187500e+02 3.344517822265625000e+02 5.394699707031250000e+02 1.184812774658203125e+02 2.451069488525390625e+02 3.877489929199218750e+02
7.624026489257812500e+01 4.852172241210937500e+02 5.371435928344726562e+01 1.331727142333984375e+02 1.581439819335937500e+02 3.702327392578125000e+03 1.339684448242187500e+02 1.169656982421875000e+02 1.463148437500000000e+03 3.507529602050781250e+02 2.655535888671875000e+02 3.446068420410156250e+02 5.469586791992187500e+02 1.141097259521484375e+02 2.496529388427734375e+02 3.998966064453125000e+02
8.188799285888671875e+01 5.073530273437500000e+02 5.899449920654296875e+01 1.375634613037109375e+02 1.621922912597656250e+02 3.844435058593750000e+03 1.361856079101562500e+02 1.205684585571289062e+02 1.454098388671875000e+03 3.681044311523437500e+02 2.845615234375000000e+02 3.541651916503906250e+02 5.606974487304687500e+02 1.088837661743164062e+02 2.562635192871093750e+02 4.137816467285156250e+02
8.692175292968750000e+01 5.249492187500000000e+02 6.218969345092773438e+01 1.461723022460937500e+02 1.663264160156250000e+02 4.067465332031250000e+03 1.380353393554687500e+02 1.236900177001953125e+02 1.441610107421875000e+03 3.698805236816406250e+02 2.951666564941406250e+02 3.579302978515625000e+02 5.724556274414062500e+02 1.051890563964843750e+02 2.569049682617187500e+02 4.252113342285156250e+02
9.167684936523437500e+01 5.305986328125000000e+02 6.440170288085937500e+01 1.474676971435546875e+02 1.701932067871093750e+02 4.263287597656250000e+03 1.413598632812500000e+02 1.264194030761718750e+02 1.414625122070312500e+03 3.659400634765625000e+02 2.971906738281250000e+02 3.616496582031250000e+02 5.833474121093750000e+02 1.041229248046875000e+02 2.507040405273437500e+02 4.357002868652343750e+02
9.185608673095703125e+01 5.244324340820312500e+02 6.313589859008789062e+01 1.444202423095703125e+02 1.714972839355468750e+02 4.351696777343750000e+03 1.475291748046875000e+02 1.248900909423828125e+02 1.361850341796875000e+03 3.668212890625000000e+02 2.902993774414062500e+02 3.647140502929687500e+02 5.821401977539062500e+02 1.060409240722656250e+02 2.416025543212890625e+02 4.283490295410156250e+02
9.589285278320312500e+01 5.019478759765625000e+02 6.011569595336914062e+01 1.391568603515625000e+02 1.707224426269531250e+02 4.369064941406250000e+03 1.455003051757812500e+02 1.219098434448242188e+02 1.311779785156250000e+03 3.540515441894531250e+02 2.781532287597656250e+02 3.562760620117187500e+02 5.825513916015625000e+02 1.056663360595703125e+02 2.285084991455078125e+02 4.159964294433593750e+02
9.609207153320312500e+01 4.891492614746093750e+02 5.535408782958984375e+01 1.352604980468750000e+02 1.693369598388671875e+02 4.333913085937500000e+03 1.424649047851562500e+02 1.189917221069335938e+02 1.304651123046875000e+03 3.481094970703125000e+02 2.692398071289062500e+02 3.488311767578125000e+02 5.843649902343750000e+02 1.025476837158203125e+02 2.173886108398437500e+02 4.137080078125000000e+02
