1.116492462158203125e+02 5.366131591796875000e+02 8.697772979736328125e+01 1.406179504394531250e+02 1.561177062988281250e+02 3.578378173828125000e+03 1.853673400878906250e+02 1.902420959472656250e+02 1.671516723632812500e+03 3.717633361816406250e+02 3.177011108398437500e+02 3.940851135253906250e+02 5.834984741210937500e+02 1.401183624267578125e+02 2.737180786132812500e+02 3.733537597656250000e+02
1.121828002929687500e+02 5.351940307617187500e+02 8.497569274902343750e+01 1.421897888183593750e+02 1.576290588378906250e+02 3.633924072265625000e+03 1.822735290527343750e+02 1.905769348144531250e+02 1.658097290039062500e+03 3.640414428710937500e+02 3.205972595214843750e+02 3.994864501953125000e+02 5.775786743164062500e+02 1.324512329101562500e+02 2.820077819824218750e+02 3.767989501953125000e+02
1.084342117309570312e+02 5.358442382812500000e+02 8.236681365966796875e+01 1.428742675781250000e+02 1.597348937988281250e+02 3.660380615234375000e+03 1.808631744384765625e+02 1.899909973144531250e+02 1.678525268554687500e+03 3.582170104980468750e+02 3.201571655273437500e+02 4.009559020996093750e+02 5.670682373046875000e+02 1.234049530029296875e+02 2.874813842773437500e+02 3.787890319824218750e+02
1.105465927124023438e+02 5.361719360351562500e+02 7.888876342773437500e+01 1.419192352294921875e+02 1.620716857910156250e+02 3.633696777343750000e+03 1.784570312500000000e+02 1.865644531250000000e+02 1.688333984375000000e+03 3.558463134765625000e+02 3.150659179687500000e+02 4.004498901367187500e+02 5.737143554687500000e+02 1.214891967773437500e+02 2.885389404296875000e+02 3.756014404296875000e+02
1.116068496704101562e+02 5.448643798828125000e+02 7.705890655517578125e+01 1.410217437744140625e+02 1.650018615722656250e+02 3.675813964843750000e+03 1.768285827636718750e+02 1.863638305664062500e+02 1.683359741210937500e+03 3.638817443847656250e+02 3.196216430664062500e+02 4.018268432617187500e+02 5.728872070312500000e+02 1.215987014770507812e+02 2.891527404785156250e+02 3.758480224609375000e+02
1.069653549194335938e+02 5.523248901367187500e+02 7.542123413085937500e+01 1.407140045166015625e+02 1.670581970214843750e+02 3.718665039062500000e+03 1.746842346191406250e+02 1.895490722656250000e+02 1.680797119140625000e+03 3.740812377929687500e+02 3.261212463378906250e+02 4.013323364257812500e+02 5.711011962890625000e+02 1.227942199707031250e+02 2.848642883300781250e+02 3.800097351074218750e+02
1.026952896118164062e+02 5.648630981445312500e+02 7.389032745361328125e+01 1.400416564941406250e+02 1.689014434814453125e+02 3.726606689453125000e+03 1.786634521484375000e+02 1.921084899902343750e+02 1.672909545898437500e+03 3.872398681640625000e+02 3.367283630371093750e+02 4.010401000976562500e+02 5.783938598632812500e+02 1.226522064208984375e+02 2.824614868164062500e+02 3.829115600585937500e+02
1.012650756835937500e+02 5.772180786132812500e+02 7.487390136718750000e+01 1.417368011474609375e+02 1.724295959472656250e+02 3.751833984375000000e+03 1.799202728271484375e+02 1.960924377441406250e+02 1.671088989257812500e+03 3.934918823242187500e+02 3.497349853515625000e+02 4.019859313964843750e+02 5.934803466796875000e+02 1.234810409545898438e+02 2.727053527832031250e+02 3.843028564453125000e+02
9.900784301757812500e+01 5.833451538085937500e+02 7.450592803955078125e+01 1.426013488769531250e+02 1.739202270507812500e+02 3.778197509765625000e+03 1.816632385253906250e+02 1.952297821044921875e+02 1.672869384765625000e+03 3.938953552246093750e+02 3.603618469238281250e+02 4.004733886718750000e+02 6.023004760742187500e+02 1.238805999755859375e+02 2.664614868164062500e+02 3.889008789062500000e+02
1.009305877685546875e+02 5.863618164062500000e+02 7.373847198486328125e+01 1.443251037597656250e+02 1.746145324707031250e+02 3.817411132812500000e+03 1.824595336914062500e+02 1.964281921386718750e+02 1.658254760742187500e+03 3.966168823242187500e+02 3.693079528808593750e+02 4.008364868164062500e+02 6.017197265625000000e+02 1.240617523193359375e+02 2.613798828125000000e+02 3.873222961425781250e+02
9.987973022460937500e+01 5.893476562500000000e+02 7.512503051757812500e+01 1.444084167480468750e+02 1.756936340332031250e+02 3.831991699218750000e+03 1.813900604248046875e+02 1.959645690917968750e+02 1.636279663085937500e+03 3.965521850585937500e+02 3.756641235351562500e+02 3.997809753417968750e+02 6.050302124023437500e+02 1.224595565795898438e+02 2.593996276855468750e+02 3.871813659667968750e+02
9.956414794921875000e+01 5.931024169921875000e+02 7.451105499267578125e+01 1.443301391601562500e+02 1.753654174804687500e+02 3.788526367187500000e+03 1.795246887207031250e+02 1.944243011474609375e+02 1.613549316406250000e+03 4.002346496582031250e+02 3.807936401367187500e+02 3.971460266113281250e+02 6.030692138671875000e+02 1.224699859619140625e+02 2.559481353759765625e+02 3.876112365722656250e+02
9.787374877929687500e+01 5.920066528320312500e+02 7.306198120117187500e+01 1.425054016113281250e+02 1.755127563476562500e+02 3.745642089843750000e+03 1.759742279052734375e+02 1.915616912841796875e+02 1.599902465820312500e+03 4.016366577148437500e+02 3.832437744140625000e+02 3.933538208007812500e+02 5.965614013671875000e+02 1.235871276855468750e+02 2.586855163574218750e+02 3.915282897949218750e+02
9.734540557861328125e+01 5.895301513671875000e+02 7.235117340087890625e+01 1.395784301757812500e+02 1.739367065429687500e+02 3.682384033203125000e+03 1.736037902832031250e+02 1.899071502685546875e+02 1.564492065429687500e+03 3.964264831542968750e+02 3.826171875000000000e+02 3.887015991210937500e+02 5.867517089843750000e+02 1.243200607299804688e+02 2.555399627685546875e+02 3.943702392578125000e+02
9.688156127929687500e+01 5.764968872070312500e+02 7.061596679687500000e+01 1.352155151367187500e+02 1.719598693847656250e+02 3.603666015625000000e+03 1.707713928222656250e+02 1.863789367675781250e+02 1.534063598632812500e+03 3.969729614257812500e+02 3.739753723144531250e+02 3.810551757812500000e+02 5.730040283203125000e+02 1.254806518554687500e+02 2.521900177001953125e+02 3.939550170898437500e+02
9.537505340576171875e+01 5.598347778320312500e+02 6.746952056884765625e+01 1.293698120117187500e+02 1.678881530761718750e+02 3.482817626953125000e+03 1.646814880371093750e+02 1.780456085205078125e+02 1.473631347656250000e+03 3.969369201660156250e+02 3.633289184570312500e+02 3.700099792480468750e+02 5.577269287109375000e+02 1.267175216674804688e+02 2.479318084716796875e+02 3.909783935546875000e+02
9.197720336914062500e+01 5.443558959960937500e+02 6.529531860351562500e+01 1.249462280273437500e+02 1.642158203125000000e+02 3.380441650390625000e+03 1.617877197265625000e+02 1.751019287109375000e+02 1.439340820312500000e+03 3.971365356445312500e+02 3.557642211914062500e+02 3.639445190429687500e+02 5.406679687500000000e+02 1.239988250732421875e+02 2.419864654541015625e+02 3.911861877441406250e+02
8.788592529296875000e+01 5.226264038085937500e+02 6.194657516479492188e+01 1.185877075195312500e+02 1.585378417968750000e+02 3.225074707031250000e+03 1.569946289062500000e+02 1.678934783935546875e+02 1.410626953125000000e+03 3.903152465820312500e+02 3.379594116210937500e+02 3.551002502441406250e+02 5.218839111328125000e+02 1.205337829589843750e+02 2.344755859375000000e+02 3.893809509277343750e+02
8.445527648925781250e+01 4.979403076171875000e+02 5.706553649902343750e+01 1.076924133300781250e+02 1.525931091308593750e+02 3.067736816406250000e+03 1.502569122314453125e+02 1.580214538574218750e+02 1.359666625976562500e+03 3.784982604980468750e+02 3.184371948242187500e+02 3.432118225097656250e+02 5.039426574707031250e+02 1.178050231933593750e+02 2.308234710693359375e+02 3.841855773925781250e+02
7.647853088378906250e+01 4.509844360351562500e+02 4.673346328735351562e+01 9.055888366699218750e+01 1.407977600097656250e+02 2.875593750000000000e+03 1.361181182861328125e+02 1.447214965820312500e+02 1.273721435546875000e+03 3.538402099609375000e+02 2.884720458984375000e+02 3.219139404296875000e+02 4.576821594238281250e+02 1.121014709472656250e+02 2.180761108398437500e+02 3.703993225097656250e+02
6.375412750244140625e+01 3.805698242187500000e+02 2.576867294311523438e+01 5.732937622070312500e+01 1.126656341552734375e+02 2.688408935546875000e+03 1.192151412963867188e+02 1.198277130126953125e+02 1.099213378906250000e+03 3.094874267578125000e+02 2.343690185546875000e+02 2.715690307617187500e+02 3.503066711425781250e+02 9.920256042480468750e+01 1.919178161621093750e+02 3.364578857421875000e+02
4.518695068359375000e+01 3.001827087402343750e+02 4.675209045410156250e+00 1.221798706054687500e+01 7.764191436767578125e+01 2.500286132812500000e+03 9.546736907958984375e+01 9.058134460449218750e+01 9.721605224609375000e+02 2.537725677490234375e+02 1.747779541015625000e+02 2.253181457519531250e+02 2.661141052246093750e+02 8.088431549072265625e+01 1.610914001464843750e+02 2.841992797851562500e+02
1.054126892089843750e+02 5.220361328125000000e+02 7.226284027099609375e+01 1.662584838867187500e+02 1.273719024658203125e+02 3.120072265625000000e+03 1.616646728515625000e+02 1.741961669921875000e+02 1.387195556640625000e+03 3.783610534667968750e+02 3.446480407714843750e+02 3.130543823242187500e+02 5.122087402343750000e+02 1.244657363891601562e+02 2.416024627685546875e+02 4.267878723144531250e+02
1.092371368408203125e+02 5.192958374023437500e+02 7.899095916748046875e+01 1.759485168457031250e+02 1.445585174560546875e+02 3.422244628906250000e+03 1.623167419433593750e+02 1.752703857421875000e+02 1.453783081054687500e+03 4.010340270996093750e+02 3.459113464355468750e+02 3.327603149414062500e+02 5.869689941406250000e+02 1.253525085449218750e+02 2.519256286621093750e+02 4.326484680175781250e+02
1.064487152099609375e+02 5.000145263671875000e+02 7.641769409179687500e+01 1.696340332031250000e+02 1.498106384277343750e+02 3.610221679687500000e+03 1.557919006347656250e+02 1.699061737060546875e+02 1.465405517578125000e+03 4.078291015625000000e+02 3.292077941894531250e+02 3.411455383300781250e+02 6.102135009765625000e+02 1.209278945922851562e+02 2.528176574707031250e+02 4.244921875000000000e+02
9.983655548095703125e+01 4.720928649902343750e+02 6.853008270263671875e+01 1.571535644531250000e+02 1.463537292480468750e+02 3.659355957031250000e+03 1.503388366699218750e+02 1.594587707519531250e+02 1.431211669921875000e+03 4.067035827636718750e+02 3.076525268554687500e+02 3.360664062500000000e+02 6.042822265625000000e+02 1.151797790527343750e+02 2.383444366455078125e+02 4.033776245117187500e+02
9.017311096191406250e+01 4.518169555664062500e+02 6.060966491699218750e+01 1.469678039550781250e+02 1.414117584228515625e+02 3.649914550781250000e+03 1.461304321289062500e+02 1.497989044189453125e+02 1.410103881835937500e+03 4.014796142578125000e+02 2.889491882324218750e+02 3.266499633789062500e+02 5.816385498046875000e+02 1.096598815917968750e+02 2.316820678710937500e+02 3.882752380371093750e+02
8.743443298339843750e+01 4.492797546386718750e+02 5.605187988281250000e+01 1.436472320556640625e+02 1.380670928955078125e+02 3.693554931640625000e+03 1.422744140625000000e+02 1.439457855224609375e+02 1.408054199218750000e+03 3.998918762207031250e+02 2.837662353515625000e+02 3.274732055664062500e+02 5.685886840820312500e+02 1.065136566162109375e+02 2.271844024658203125e+02 3.832373046875000000e+02
8.469131469726562500e+01 4.544233703613281250e+02 5.570321655273437500e+01 1.445496368408203125e+02 1.360346221923828125e+02 3.714960693359375000e+03 1.415332336425781250e+02 1.451125946044921875e+02 1.438474731445312500e+03 4.073004150390625000e+02 2.827817993164062500e+02 3.317070617675781250e+02 5.644859619140625000e+02 1.064401550292968750e+02 2.252390289306640625e+02 3.865589904785156250e+02
8.348117828369140625e+01 4.607778320312500000e+02 5.465909576416015625e+01 1.442316589355468750e+02 1.343618469238281250e+02 3.733430175781250000e+03 1.415929870605468750e+02 1.433806152343750000e+02 1.454853149414062500e+03 4.041048889160156250e+02 2.818411254882812500e+02 3.302544250488281250e+02 5.565170288085937500e+02 1.071225357055664062e+02 2.208402709960937500e+02 3.897248535156250000e+02
8.342116546630859375e+01 4.731312255859375000e+02 5.481137847900390625e+01 1.477736968994140625e+02 1.370106506347656250e+02 3.749889160156250000e+03 1.417135467529296875e+02 1.481573486328125000e+02 1.472638061523437500e+03 4.030209655761718750e+02 2.858489685058593750e+02 3.369689025878906250e+02 5.573427734375000000e+02 1.066212921142578125e+02 2.114069824218750000e+02 3.905734863281250000e+02
8.176315307617187500e+01 4.748088989257812500e+02 5.541258621215820312e+01 1.483965148925781250e+02 1.384680633544921875e+02 3.680631347656250000e+03 1.387845764160156250e+02 1.490090942382812500e+02 1.455848876953125000e+03 3.996445007324218750e+02 2.833737792968750000e+02 3.412158813476562500e+02 5.579895629882812500e+02 1.053502960205078125e+02 2.052471923828125000e+02 3.875216979980468750e+02
7.849310302734375000e+01 4.702117309570312500e+02 5.469956970214843750e+01 1.457994995117187500e+02 1.372081909179687500e+02 3.620037109375000000e+03 1.333580169677734375e+02 1.445459899902343750e+02 1.432890380859375000e+03 3.941141052246093750e+02 2.750243530273437500e+02 3.435371704101562500e+02 5.599026489257812500e+02 1.041236724853515625e+02 2.010194854736328125e+02 3.815722656250000000e+02
7.573238372802734375e+01 4.544085998535156250e+02 5.143207931518554688e+01 1.355649719238281250e+02 1.335491333007812500e+02 3.484618896484375000e+03 1.281047668457031250e+02 1.382732391357421875e+02 1.377094482421875000e+03 3.754756469726562500e+02 2.613701782226562500e+02 3.438304443359375000e+02 5.549459228515625000e+02 1.009262466430664062e+02 1.988687286376953125e+02 3.726056518554687500e+02
7.176452636718750000e+01 4.406159057617187500e+02 4.710755920410156250e+01 1.219433746337890625e+02 1.321551666259765625e+02 3.432245849609375000e+03 1.263610229492187500e+02 1.324288787841796875e+02 1.329587646484375000e+03 3.552363586425781250e+02 2.483937377929687500e+02 3.390354614257812500e+02 5.484714355468750000e+02 9.697395324707031250e+01 1.986629791259765625e+02 3.601494750976562500e+02
8.084040832519531250e+01 4.829501953125000000e+02 6.025639343261718750e+01 1.423154296875000000e+02 1.365891723632812500e+02 3.488798828125000000e+03 1.369247741699218750e+02 1.462325744628906250e+02 1.303945068359375000e+03 3.541456909179687500e+02 2.723243408203125000e+02 3.519797058105468750e+02 5.501244506835937500e+02 1.014838409423828125e+02 2.128638763427734375e+02 3.904458312988281250e+02
8.870014190673828125e+01 4.985612792968750000e+02 6.531650543212890625e+01 1.452003021240234375e+02 1.375213623046875000e+02 3.573457763671875000e+03 1.421864013671875000e+02 1.508285217285156250e+02 1.326516357421875000e+03 3.521751098632812500e+02 2.762553710937500000e+02 3.532596740722656250e+02 5.590269775390625000e+02 1.025448608398437500e+02 2.199516143798828125e+02 4.017544555664062500e+02
9.406642150878906250e+01 5.025686645507812500e+02 6.679841613769531250e+01 1.432325439453125000e+02 1.374054718017578125e+02 3.531679199218750000e+03 1.446993560791015625e+02 1.516169281005859375e+02 1.360616210937500000e+03 3.578527221679687500e+02 2.768892822265625000e+02 3.521365966796875000e+02 5.758172607421875000e+02 1.012788238525390625e+02 2.205149993896484375e+02 4.029152221679687500e+02
9.271101379394531250e+01 5.065418701171875000e+02 6.881916809082031250e+01 1.410529937744140625e+02 1.383449707031250000e+02 3.552846435546875000e+03 1.452758483886718750e+02 1.515191650390625000e+02 1.423714721679687500e+03 3.620169677734375000e+02 2.772664184570312500e+02 3.477529907226562500e+02 5.894003906250000000e+02 1.038874664306640625e+02 2.221243133544921875e+02 3.983618774414062500e+02
9.482563781738281250e+01 5.077269897460937500e+02 7.313379669189453125e+01 1.397540283203125000e+02 1.386983032226562500e+02 3.555290527343750000e+03 1.456857147216796875e+02 1.522417602539062500e+02 1.462043212890625000e+03 3.593250122070312500e+02 2.754107666015625000e+02 3.480486450195312500e+02 6.019873046875000000e+02 1.106112670898437500e+02 2.311851654052734375e+02 3.920777893066406250e+02
9.830883789062500000e+01 5.161889648437500000e+02 7.709716796875000000e+01 1.417009582519531250e+02 1.397872772216796875e+02 3.624760009765625000e+03 1.461168212890625000e+02 1.557994384765625000e+02 1.481466308593750000e+03 3.459232482910156250e+02 2.781856079101562500e+02 3.516537170410156250e+02 6.064080200195312500e+02 1.182177352905273438e+02 2.454327850341796875e+02 3.914650268554687500e+02
9.969611358642578125e+01 5.184301147460937500e+02 7.861480712890625000e+01 1.423290252685546875e+02 1.418153991699218750e+02 3.671057128906250000e+03 1.486691436767578125e+02 1.538686370849609375e+02 1.491194335937500000e+03 3.370699462890625000e+02 2.820590209960937500e+02 3.508840026855468750e+02 6.044972534179687500e+02 1.226044158935546875e+02 2.616541748046875000e+02 3.930942382812500000e+02
1.027576446533203125e+02 5.245842285156250000e+02 7.940390777587890625e+01 1.458749237060546875e+02 1.441840820312500000e+02 3.730326171875000000e+03 1.518905639648437500e+02 1.530217590332031250e+02 1.497444458007812500e+03 3.406695861816406250e+02 2.875237121582031250e+02 3.532650756835937500e+02 6.022100830078125000e+02 1.294631195068359375e+02 2.741275939941406250e+02 3.995741577148437500e+02
1.062576217651367188e+02 5.319177246093750000e+02 7.886082458496093750e+01 1.531311950683593750e+02 1.455982055664062500e+02 3.770869140625000000e+03 1.553564758300781250e+02 1.511707458496093750e+02 1.582158569335937500e+03 3.403880310058593750e+02 2.960218811035156250e+02 3.540559082031250000e+02 6.027568359375000000e+02 1.343001098632812500e+02 2.830360717773437500e+02 4.096648559570312500e+02
1.076199035644531250e+02 5.345974731445312500e+02 7.776313781738281250e+01 1.575020751953125000e+02 1.458791961669921875e+02 3.791304443359375000e+03 1.570646209716796875e+02 1.489433288574218750e+02 1.656009643554687500e+03 3.384451904296875000e+02 2.997500305175781250e+02 3.499238281250000000e+02 6.022052612304687500e+02 1.340160064697265625e+02 2.822708129882812500e+02 4.180079040527343750e+02
1.112449188232421875e+02 5.372556152343750000e+02 7.864040374755859375e+01 1.603341979980468750e+02 1.476109619140625000e+02 3.789954589843750000e+03 1.597829132080078125e+02 1.494087524414062500e+02 1.693907592773437500e+03 3.316838989257812500e+02 3.030893554687500000e+02 3.491316833496093750e+02 6.001620483398437500e+02 1.392618713378906250e+02 2.845513610839843750e+02 4.206828002929687500e+02
1.140830383300781250e+02 5.463935546875000000e+02 7.947621917724609375e+01 1.659339447021484375e+02 1.548543548583984375e+02 3.832579589843750000e+03 1.637056427001953125e+02 1.477431182861328125e+02 1.745765747070312500e+03 3.359483642578125000e+02 3.113273925781250000e+02 3.508251342773437500e+02 5.995468750000000000e+02 1.456532440185546875e+02 2.793265075683593750e+02 4.299822998046875000e+02
1.126455307006835938e+02 5.514840087890625000e+02 7.768913269042968750e+01 1.682136077880859375e+02 1.591374511718750000e+02 3.796684814453125000e+03 1.634915313720703125e+02 1.434252014160156250e+02 1.779041381835937500e+03 3.403432922363281250e+02 3.100101013183593750e+02 3.494521789550781250e+02 5.937449951171875000e+02 1.444573822021484375e+02 2.794888000488281250e+02 4.358800659179687500e+02
1.078023834228515625e+02 5.449709472656250000e+02 7.280151367187500000e+01 1.712724151611328125e+02 1.594146728515625000e+02 3.841869873046875000e+03 1.605220794677734375e+02 1.417841949462890625e+02 1.768105957031250000e+03 3.427087402343750000e+02 3.063587646484375000e+02 3.391202087402343750e+02 5.862949218750000000e+02 1.429863739013671875e+02 2.780438842773437500e+02 4.330606994628906250e+02
1.015210800170898438e+02 5.363114013671875000e+02 6.831163024902343750e+01 1.722906494140625000e+02 1.574971313476562500e+02 3.831967529296875000e+03 1.583190155029296875e+02 1.376492919921875000e+02 1.762787963867187500e+03 3.433484497070312500e+02 3.026940002441406250e+02 3.271500244140625000e+02 5.824600830078125000e+02 1.431439819335937500e+02 2.694209594726562500e+02 4.307803344726562500e+02
9.661054992675781250e+01 5.433320922851562500e+02 6.904447937011718750e+01 1.800050048828125000e+02 1.625648803710937500e+02 3.904268798828125000e+03 1.574547424316406250e+02 1.387778625488281250e+02 1.731783203125000000e+03 3.484943847656250000e+02 3.040635070800781250e+02 3.343891906738281250e+02 5.856269531250000000e+02 1.410155639648437500e+02 2.669177246093750000e+02 4.328814086914062500e+02
9.734089660644531250e+01 5.484429321289062500e+02 7.135101318359375000e+01 1.831823425292968750e+02 1.691868591308593750e+02 3.955988281250000000e+03 1.573457183837890625e+02 1.402030639648437500e+02 1.676314819335937500e+03 3.694763183593750000e+02 3.099805908203125000e+02 3.468923034667968750e+02 5.847374267578125000e+02 1.374118804931640625e+02 2.659991149902343750e+02 4.382394409179687500e+02
9.559613037109375000e+01 5.591981201171875000e+02 7.184414672851562500e+01 1.807140808105468750e+02 1.721961059570312500e+02 3.963867919921875000e+03 1.550012207031250000e+02 1.387023010253906250e+02 1.626065551757812500e+03 3.846107788085937500e+02 3.162824707031250000e+02 3.532216796875000000e+02 5.804201660156250000e+02 1.312102355957031250e+02 2.662091674804687500e+02 4.433846130371093750e+02
9.701838684082031250e+01 5.665606689453125000e+02 7.349839019775390625e+01 1.779667053222656250e+02 1.759877929687500000e+02 3.954376220703125000e+03 1.539834289550781250e+02 1.374012603759765625e+02 1.593547729492187500e+03 3.980153808593750000e+02 3.244581298828125000e+02 3.613522338867187500e+02 5.840005493164062500e+02 1.239882354736328125e+02 2.688530273437500000e+02 4.486204223632812500e+02
9.990860748291015625e+01 5.772556762695312500e+02 7.476819610595703125e+01 1.820931091308593750e+02 1.790808715820312500e+02 3.985734619140625000e+03 1.531500396728515625e+02 1.383001861572265625e+02 1.569083251953125000e+03 3.994371337890625000e+02 3.300925598144531250e+02 3.645364685058593750e+02 5.897358398437500000e+02 1.190684127807617188e+02 2.682293395996093750e+02 4.549399414062500000e+02
1.031155471801757812e+02 5.822817993164062500e+02 7.660511016845703125e+01 1.826181182861328125e+02 1.820215454101562500e+02 4.036512207031250000e+03 1.547893829345703125e+02 1.399022827148437500e+02 1.548520996093750000e+03 3.970110473632812500e+02 3.320424194335937500e+02 3.670263061523437500e+02 5.966426391601562500e+02 1.170429153442382812e+02 2.632649841308593750e+02 4.636393432617187500e+02
1.039075088500976562e+02 5.802565307617187500e+02 7.630660247802734375e+01 1.805530395507812500e+02 1.833619842529296875e+02 4.104276367187500000e+03 1.599443969726562500e+02 1.388485565185546875e+02 1.505386718750000000e+03 4.009703979492187500e+02 3.276511230468750000e+02 3.694277038574218750e+02 5.955283813476562500e+02 1.184718627929687500e+02 2.563925476074218750e+02 4.592675170898437500e+02
1.083999786376953125e+02 5.662261962890625000e+02 7.465541839599609375e+01 1.781302795410156250e+02 1.831297912597656250e+02 4.172493652343750000e+03 1.596992797851562500e+02 1.375920104980468750e+02 1.466045410156250000e+03 3.938882751464843750e+02 3.206973266601562500e+02 3.621965942382812500e+02 6.006005249023437500e+02 1.185834197998046875e+02 2.466360473632812500e+02 4.510445861816406250e+02
1.090676956176757812e+02 5.593236083984375000e+02 7.207985687255859375e+01 1.766654510498046875e+02 1.823306427001953125e+02 4.266628417968750000e+03 1.577799682617187500e+02 1.353394470214843750e+02 1.470380981445312500e+03 3.936142578125000000e+02 3.150602111816406250e+02 3.570227355957031250e+02 6.095551147460937500e+02 1.154353942871093750e+02 2.396255035400390625e+02 4.530054321289062500e+02
1.119066772460937500e+02 5.459602661132812500e+02 7.020745086669921875e+01 1.747338867187500000e+02 1.801427307128906250e+02 4.275434570312500000e+03 1.560816650390625000e+02 1.344805603027343750e+02 1.451412841796875000e+03 3.820764465332031250e+02 3.095132751464843750e+02 3.504496154785156250e+02 6.145167846679687500e+02 1.160955352783203125e+02 2.325091094970703125e+02 4.504894409179687500e+02
1.176903305053710938e+02 5.403839721679687500e+02 7.109832000732421875e+01 1.746106262207031250e+02 1.801491088867187500e+02 4.420083496093750000e+03 1.568591003417968750e+02 1.353512725830078125e+02 1.418125610351562500e+03 3.783583679199218750e+02 3.116376647949218750e+02 3.440576171875000000e+02 6.163364868164062500e+02 1.191837463378906250e+02 2.269415588378906250e+02 4.546802368164062500e+02
1.180422134399414062e+02 5.441875610351562500e+02 7.315941619873046875e+01 1.773014831542968750e+02 1.810695800781250000e+02 4.465244628906250000e+03 1.572943725585937500e+02 1.355117187500000000e+02 1.428943237304687500e+03 3.806625671386718750e+02 3.200907592773437500e+02 3.440376586914062500e+02 6.134317626953125000e+02 1.210521240234375000e+02 2.257842102050781250e+02 4.615119018554687500e+02
1.225168304443359375e+02 5.489229736328125000e+02 7.616381072998046875e+01 1.791557312011718750e+02 1.824533538818359375e+02 4.599188964843750000e+03 1.559567871093750000e+02 1.397276153564453125e+02 1.411974609375000000e+03 3.893430786132812500e+02 3.256001281738281250e+02 3.479773864746093750e+02 6.106653442382812500e+02 1.215888977050781250e+02 2.259035797119140625e+02 4.660559692382812500e+02
