9.866580200195312500e+01 4.852026062011718750e+02 7.841604614257812500e+01 1.165501251220703125e+02 1.429309082031250000e+02 3.221218750000000000e+03 1.688406372070312500e+02 1.727458801269531250e+02 1.570102905273437500e+03 3.376312561035156250e+02 2.828035278320312500e+02 3.734130249023437500e+02 5.569326171875000000e+02 1.299377746582031250e+02 2.667097778320312500e+02 3.457411804199218750e+02
9.826837158203125000e+01 4.814751586914062500e+02 7.560308837890625000e+01 1.165730133056640625e+02 1.451173095703125000e+02 3.230251464843750000e+03 1.648529052734375000e+02 1.721091918945312500e+02 1.549507568359375000e+03 3.301026916503906250e+02 2.836705017089843750e+02 3.791554260253906250e+02 5.535955810546875000e+02 1.207525711059570312e+02 2.757474975585937500e+02 3.490844726562500000e+02
9.400068664550781250e+01 4.815729370117187500e+02 7.218852996826171875e+01 1.165824432373046875e+02 1.480838165283203125e+02 3.255524414062500000e+03 1.631621856689453125e+02 1.714071350097656250e+02 1.568581665039062500e+03 3.247719116210937500e+02 2.831763305664062500e+02 3.819238891601562500e+02 5.459183349609375000e+02 1.103146820068359375e+02 2.813933410644531250e+02 3.520209350585937500e+02
9.642668151855468750e+01 4.845354614257812500e+02 6.780728149414062500e+01 1.155499267578125000e+02 1.514039306640625000e+02 3.249406494140625000e+03 1.606741333007812500e+02 1.679679107666015625e+02 1.576800903320312500e+03 3.226236572265625000e+02 2.795803833007812500e+02 3.834151306152343750e+02 5.546273803710937500e+02 1.079241485595703125e+02 2.828748474121093750e+02 3.500184326171875000e+02
9.753689575195312500e+01 4.945371093750000000e+02 6.491489410400390625e+01 1.136174621582031250e+02 1.551083679199218750e+02 3.309361572265625000e+03 1.595813751220703125e+02 1.667348785400390625e+02 1.568338867187500000e+03 3.309136047363281250e+02 2.844814453125000000e+02 3.865794677734375000e+02 5.552673339843750000e+02 1.085306091308593750e+02 2.833148498535156250e+02 3.495930480957031250e+02
9.281219482421875000e+01 5.009724731445312500e+02 6.222487640380859375e+01 1.125365142822265625e+02 1.577515716552734375e+02 3.294346679687500000e+03 1.573374633789062500e+02 1.690820007324218750e+02 1.558655639648437500e+03 3.402477416992187500e+02 2.913621826171875000e+02 3.876293945312500000e+02 5.519638671875000000e+02 1.098932571411132812e+02 2.774149780273437500e+02 3.531354064941406250e+02
8.833551025390625000e+01 5.148388671875000000e+02 5.967542266845703125e+01 1.118159027099609375e+02 1.599931335449218750e+02 3.307967529296875000e+03 1.620482940673828125e+02 1.715657501220703125e+02 1.541212890625000000e+03 3.538796997070312500e+02 3.028188171386718750e+02 3.884777832031250000e+02 5.561690673828125000e+02 1.109683303833007812e+02 2.723541564941406250e+02 3.556185913085937500e+02
8.682661437988281250e+01 5.282055053710937500e+02 5.960836410522460938e+01 1.136696929931640625e+02 1.636250000000000000e+02 3.309027343750000000e+03 1.634408111572265625e+02 1.750570068359375000e+02 1.532577026367187500e+03 3.629739990234375000e+02 3.176418457031250000e+02 3.900984802246093750e+02 5.676736450195312500e+02 1.123668975830078125e+02 2.592117309570312500e+02 3.565609741210937500e+02
8.507023620605468750e+01 5.351035766601562500e+02 5.854940795898437500e+01 1.145375518798828125e+02 1.652960510253906250e+02 3.285782714843750000e+03 1.661381835937500000e+02 1.731110839843750000e+02 1.522649414062500000e+03 3.648313293457031250e+02 3.280473937988281250e+02 3.891309204101562500e+02 5.725247192382812500e+02 1.134419860839843750e+02 2.483382263183593750e+02 3.581391296386718750e+02
8.650672912597656250e+01 5.366785278320312500e+02 5.749898147583007812e+01 1.163591461181640625e+02 1.662962036132812500e+02 3.304297851562500000e+03 1.661023712158203125e+02 1.735876770019531250e+02 1.500590942382812500e+03 3.630901184082031250e+02 3.364010009765625000e+02 3.897829589843750000e+02 5.670552978515625000e+02 1.142414016723632812e+02 2.392107696533203125e+02 3.561701660156250000e+02
8.630992889404296875e+01 5.387964477539062500e+02 5.823257827758789062e+01 1.172718353271484375e+02 1.678045501708984375e+02 3.301512451171875000e+03 1.649442443847656250e+02 1.734406738281250000e+02 1.470806640625000000e+03 3.624611816406250000e+02 3.418739624023437500e+02 3.889069213867187500e+02 5.649832763671875000e+02 1.134184799194335938e+02 2.344390411376953125e+02 3.567191772460937500e+02
8.429396057128906250e+01 5.381337890625000000e+02 5.733159637451171875e+01 1.173129730224609375e+02 1.680773162841796875e+02 3.244517333984375000e+03 1.630978393554687500e+02 1.716074523925781250e+02 1.441263671875000000e+03 3.648148803710937500e+02 3.460531005859375000e+02 3.864399414062500000e+02 5.580954589843750000e+02 1.139460525512695312e+02 2.288871917724609375e+02 3.567810668945312500e+02
8.290081787109375000e+01 5.333792724609375000e+02 5.569191360473632812e+01 1.152457427978515625e+02 1.690155029296875000e+02 3.162819824218750000e+03 1.593192138671875000e+02 1.684874267578125000e+02 1.414910278320312500e+03 3.664697570800781250e+02 3.458935546875000000e+02 3.827872314453125000e+02 5.450773315429687500e+02 1.147992401123046875e+02 2.311548767089843750e+02 3.608964538574218750e+02
8.516143035888671875e+01 5.251440429687500000e+02 5.460088729858398438e+01 1.105738372802734375e+02 1.683814544677734375e+02 3.041535156250000000e+03 1.549138946533203125e+02 1.661581420898437500e+02 1.377874267578125000e+03 3.581560363769531250e+02 3.402595214843750000e+02 3.781961059570312500e+02 5.303820800781250000e+02 1.154767990112304688e+02 2.288064422607421875e+02 3.639376525878906250e+02
8.295587158203125000e+01 5.045062255859375000e+02 5.196414566040039062e+01 1.016545562744140625e+02 1.672637634277343750e+02 2.896419433593750000e+03 1.503244934082031250e+02 1.605528411865234375e+02 1.332922119140625000e+03 3.513244018554687500e+02 3.256324768066406250e+02 3.699957885742187500e+02 5.105069580078125000e+02 1.137213363647460938e+02 2.256538848876953125e+02 3.624592590332031250e+02
7.760487365722656250e+01 4.736766662597656250e+02 4.543787384033203125e+01 8.875692749023437500e+01 1.635724029541015625e+02 2.786403320312500000e+03 1.412362976074218750e+02 1.475763244628906250e+02 1.260055175781250000e+03 3.429444580078125000e+02 3.017453308105468750e+02 3.567813720703125000e+02 4.850888977050781250e+02 1.097073364257812500e+02 2.181301269531250000e+02 3.525379333496093750e+02
7.084434509277343750e+01 4.341089172363281250e+02 3.573497390747070312e+01 7.224163818359375000e+01 1.575044250488281250e+02 2.686206542968750000e+03 1.318726501464843750e+02 1.348986816406250000e+02 1.175426879882812500e+03 3.285943603515625000e+02 2.714642639160156250e+02 3.428810424804687500e+02 4.392573547363281250e+02 1.031098022460937500e+02 2.026034240722656250e+02 3.363704223632812500e+02
5.081304168701171875e+01 3.492857971191406250e+02 1.388812637329101562e+01 2.880839538574218750e+01 1.435525512695312500e+02 2.399164550781250000e+03 1.093433990478515625e+02 1.040458068847656250e+02 1.003831787109375000e+03 2.798806152343750000e+02 2.052841186523437500e+02 3.082123718261718750e+02 3.300363769531250000e+02 8.605216979980468750e+01 1.704829101562500000e+02 2.928930358886718750e+02
3.857881164550781250e+01 2.842818603515625000e+02 -3.663726806640625000e+00 1.511047363281250000e+00 1.249526977539062500e+02 2.282782226562500000e+03 9.186492156982421875e+01 8.100202941894531250e+01 9.375227661132812500e+02 2.482903900146484375e+02 1.541189880371093750e+02 2.575271606445312500e+02 2.405437164306640625e+02 7.547381591796875000e+01 1.494715728759765625e+02 2.663164062500000000e+02
5.721009826660156250e+01 3.576000671386718750e+02 2.282357788085937500e+01 4.408967590332031250e+01 1.431635894775390625e+02 2.515093505859375000e+03 1.110070800781250000e+02 1.122982482910156250e+02 1.128699462890625000e+03 3.142808837890625000e+02 2.151578216552734375e+02 3.036674499511718750e+02 3.794973144531250000e+02 9.729985046386718750e+01 1.927212219238281250e+02 3.357627563476562500e+02
8.004075622558593750e+01 4.358073425292968750e+02 5.381421661376953125e+01 8.677958679199218750e+01 1.649108581542968750e+02 2.784438232421875000e+03 1.313582763671875000e+02 1.450472564697265625e+02 1.279388671875000000e+03 3.749606933593750000e+02 2.844889526367187500e+02 3.645156860351562500e+02 5.325550537109375000e+02 1.197961730957031250e+02 2.358443756103515625e+02 4.066141052246093750e+02
9.160443115234375000e+01 4.651350097656250000e+02 6.849860382080078125e+01 1.097651214599609375e+02 1.688621215820312500e+02 3.022060058593750000e+03 1.395051574707031250e+02 1.585547180175781250e+02 1.378052246093750000e+03 3.880674743652343750e+02 3.122572937011718750e+02 3.773659057617187500e+02 5.715140380859375000e+02 1.279484024047851562e+02 2.497848815917968750e+02 4.365520629882812500e+02
1.036395721435546875e+02 4.870084228515625000e+02 8.197293853759765625e+01 1.451752014160156250e+02 1.629314880371093750e+02 3.304498046875000000e+03 1.492547454833984375e+02 1.675055236816406250e+02 1.416853515625000000e+03 3.909720764160156250e+02 3.318568115234375000e+02 3.631184692382812500e+02 5.963941650390625000e+02 1.282316589355468750e+02 2.586265869140625000e+02 4.487835693359375000e+02
1.018522033691406250e+02 4.625906677246093750e+02 7.891642761230468750e+01 1.465901184082031250e+02 1.544760437011718750e+02 3.366991699218750000e+03 1.450692138671875000e+02 1.593806304931640625e+02 1.391500488281250000e+03 3.875873718261718750e+02 3.137141723632812500e+02 3.390546569824218750e+02 5.934306640625000000e+02 1.196507720947265625e+02 2.478656311035156250e+02 4.270765075683593750e+02
9.898065948486328125e+01 4.487221679687500000e+02 7.392724609375000000e+01 1.467448730468750000e+02 1.483066406250000000e+02 3.441749267578125000e+03 1.409014892578125000e+02 1.547635345458984375e+02 1.396250122070312500e+03 3.938698425292968750e+02 2.995411987304687500e+02 3.287067565917968750e+02 5.985380859375000000e+02 1.137994689941406250e+02 2.403956756591796875e+02 4.095084228515625000e+02
9.593710327148437500e+01 4.376084594726562500e+02 6.765283203125000000e+01 1.467165679931640625e+02 1.411641845703125000e+02 3.489009765625000000e+03 1.408519744873046875e+02 1.493872375488281250e+02 1.395980590820312500e+03 4.038541564941406250e+02 2.888672180175781250e+02 3.206164245605468750e+02 6.038706054687500000e+02 1.101117782592773438e+02 2.317851715087890625e+02 3.919643249511718750e+02
9.076318359375000000e+01 4.337692260742187500e+02 6.237867736816406250e+01 1.470309448242187500e+02 1.367147521972656250e+02 3.525233886718750000e+03 1.421125335693359375e+02 1.450845031738281250e+02 1.412621093750000000e+03 4.042661743164062500e+02 2.797916564941406250e+02 3.150042419433593750e+02 6.039943847656250000e+02 1.071842346191406250e+02 2.258436737060546875e+02 3.810895385742187500e+02
8.923240661621093750e+01 4.426952209472656250e+02 5.892579269409179688e+01 1.497123260498046875e+02 1.353065490722656250e+02 3.520407470703125000e+03 1.422886505126953125e+02 1.419208374023437500e+02 1.440649291992187500e+03 4.117581787109375000e+02 2.805376586914062500e+02 3.205681152343750000e+02 6.104601440429687500e+02 1.052745208740234375e+02 2.236714630126953125e+02 3.792375488281250000e+02
8.557507324218750000e+01 4.530857543945312500e+02 5.751516342163085938e+01 1.503578643798828125e+02 1.348220672607421875e+02 3.528442382812500000e+03 1.418985443115234375e+02 1.419424743652343750e+02 1.486863525390625000e+03 4.267607116699218750e+02 2.799580688476562500e+02 3.292322998046875000e+02 6.193408203125000000e+02 1.055146636962890625e+02 2.211909484863281250e+02 3.820197753906250000e+02
8.239015197753906250e+01 4.555966186523437500e+02 5.370650482177734375e+01 1.428568725585937500e+02 1.332158813476562500e+02 3.450771484375000000e+03 1.406478729248046875e+02 1.378887786865234375e+02 1.517589355468750000e+03 4.265675659179687500e+02 2.730134582519531250e+02 3.315534973144531250e+02 6.218457641601562500e+02 1.057135543823242188e+02 2.127513427734375000e+02 3.811885986328125000e+02
7.709764099121093750e+01 4.541264648437500000e+02 4.838268280029296875e+01 1.323642272949218750e+02 1.341523437500000000e+02 3.349632812500000000e+03 1.365605773925781250e+02 1.367969970703125000e+02 1.526909912109375000e+03 4.197266845703125000e+02 2.634063720703125000e+02 3.368544921875000000e+02 6.202643432617187500e+02 1.022814407348632812e+02 1.960393066406250000e+02 3.725529174804687500e+02
7.120491027832031250e+01 4.417523193359375000e+02 4.433231353759765625e+01 1.206868591308593750e+02 1.341923828125000000e+02 3.146940429687500000e+03 1.288260498046875000e+02 1.332922973632812500e+02 1.480049072265625000e+03 4.045938110351562500e+02 2.500952453613281250e+02 3.389906311035156250e+02 6.167687988281250000e+02 9.896008300781250000e+01 1.841796112060546875e+02 3.612987365722656250e+02
6.667196655273437500e+01 4.314482421875000000e+02 4.225942230224609375e+01 1.151156311035156250e+02 1.325898742675781250e+02 3.030315917968750000e+03 1.213521347045898438e+02 1.280565032958984375e+02 1.445565917968750000e+03 3.948641052246093750e+02 2.396065368652343750e+02 3.410281677246093750e+02 6.164253540039062500e+02 9.791068267822265625e+01 1.794200897216796875e+02 3.536434631347656250e+02
6.817730712890625000e+01 4.262999572753906250e+02 4.287901306152343750e+01 1.138582763671875000e+02 1.299691467285156250e+02 2.983780273437500000e+03 1.192091979980468750e+02 1.259744796752929688e+02 1.409338989257812500e+03 3.833865356445312500e+02 2.343714752197265625e+02 3.444799194335937500e+02 6.185966796875000000e+02 9.773774719238281250e+01 1.832764739990234375e+02 3.538641357421875000e+02
7.365573120117187500e+01 4.499736633300781250e+02 4.930846023559570312e+01 1.249741287231445312e+02 1.313993682861328125e+02 3.047234130859375000e+03 1.275789108276367188e+02 1.329849395751953125e+02 1.451370117187500000e+03 3.873039855957031250e+02 2.461649475097656250e+02 3.485068664550781250e+02 6.285064697265625000e+02 1.011227569580078125e+02 1.998793334960937500e+02 3.651924133300781250e+02
8.754870605468750000e+01 5.112234802246093750e+02 7.135053253173828125e+01 1.593125305175781250e+02 1.441840820312500000e+02 3.273112304687500000e+03 1.414192810058593750e+02 1.554578247070312500e+02 1.341586181640625000e+03 3.577614135742187500e+02 2.879575500488281250e+02 3.646081542968750000e+02 5.800100097656250000e+02 1.053853759765625000e+02 2.259215393066406250e+02 4.119907226562500000e+02
9.485272216796875000e+01 5.163323974609375000e+02 7.381130981445312500e+01 1.547568359375000000e+02 1.428495635986328125e+02 3.295336914062500000e+03 1.460478210449218750e+02 1.567174987792968750e+02 1.342903442382812500e+03 3.495890502929687500e+02 2.839717102050781250e+02 3.622045288085937500e+02 5.826367797851562500e+02 1.036097259521484375e+02 2.308975982666015625e+02 4.164174499511718750e+02
9.955862426757812500e+01 5.112234497070312500e+02 7.257781982421875000e+01 1.460008392333984375e+02 1.405120239257812500e+02 3.273261718750000000e+03 1.472031707763671875e+02 1.547077026367187500e+02 1.365025878906250000e+03 3.521490478515625000e+02 2.784824218750000000e+02 3.578526000976562500e+02 5.902761840820312500e+02 1.004005050659179688e+02 2.288493652343750000e+02 4.116244812011718750e+02
9.593380737304687500e+01 5.051570434570312500e+02 7.173831939697265625e+01 1.374669189453125000e+02 1.390375976562500000e+02 3.238406250000000000e+03 1.464130859375000000e+02 1.508964538574218750e+02 1.417667114257812500e+03 3.534788208007812500e+02 2.732347412109375000e+02 3.500437927246093750e+02 5.963522338867187500e+02 1.021029357910156250e+02 2.269416351318359375e+02 3.996028137207031250e+02
9.511184692382812500e+01 4.985674438476562500e+02 7.402325439453125000e+01 1.315409088134765625e+02 1.372630462646484375e+02 3.302166259765625000e+03 1.451225738525390625e+02 1.486778259277343750e+02 1.450487915039062500e+03 3.450722351074218750e+02 2.663363647460937500e+02 3.466696472167968750e+02 6.010597534179687500e+02 1.091113433837890625e+02 2.326802520751953125e+02 3.866963806152343750e+02
9.719335174560546875e+01 5.038941040039062500e+02 7.657479095458984375e+01 1.313423309326171875e+02 1.364267730712890625e+02 3.371477783203125000e+03 1.436948394775390625e+02 1.505853729248046875e+02 1.459253173828125000e+03 3.283721313476562500e+02 2.677952270507812500e+02 3.472865905761718750e+02 5.985416259765625000e+02 1.175669860839843750e+02 2.461809692382812500e+02 3.824560852050781250e+02
9.687919616699218750e+01 5.040516357421875000e+02 7.688491821289062500e+01 1.307280273437500000e+02 1.366621551513671875e+02 3.414578613281250000e+03 1.452976989746093750e+02 1.477963867187500000e+02 1.459727539062500000e+03 3.167530822753906250e+02 2.711432495117187500e+02 3.441888122558593750e+02 5.905483398437500000e+02 1.226231994628906250e+02 2.612837219238281250e+02 3.826575622558593750e+02
9.919548797607421875e+01 5.083924255371093750e+02 7.628275299072265625e+01 1.335185852050781250e+02 1.374282226562500000e+02 3.499394042968750000e+03 1.484892425537109375e+02 1.458201141357421875e+02 1.450977416992187500e+03 3.193815307617187500e+02 2.766227111816406250e+02 3.441646728515625000e+02 5.823669433593750000e+02 1.297902221679687500e+02 2.719232482910156250e+02 3.889094543457031250e+02
1.017909088134765625e+02 5.151546630859375000e+02 7.454141235351562500e+01 1.415362243652343750e+02 1.375419769287109375e+02 3.550728027343750000e+03 1.515387115478515625e+02 1.439954986572265625e+02 1.521195922851562500e+03 3.212664489746093750e+02 2.859447631835937500e+02 3.432416381835937500e+02 5.779162597656250000e+02 1.337629089355468750e+02 2.784672851562500000e+02 3.992155761718750000e+02
1.019677047729492188e+02 5.141348876953125000e+02 7.241042327880859375e+01 1.456785278320312500e+02 1.366815338134765625e+02 3.576393310546875000e+03 1.514886474609375000e+02 1.408535766601562500e+02 1.588939453125000000e+03 3.192920532226562500e+02 2.884283447265625000e+02 3.377678527832031250e+02 5.739849853515625000e+02 1.321602020263671875e+02 2.760653686523437500e+02 4.073206176757812500e+02
1.045217895507812500e+02 5.122582397460937500e+02 7.246868896484375000e+01 1.477417602539062500e+02 1.371898498535156250e+02 3.567977050781250000e+03 1.521992797851562500e+02 1.399243927001953125e+02 1.612024658203125000e+03 3.133817749023437500e+02 2.891937866210937500e+02 3.356387023925781250e+02 5.691518554687500000e+02 1.362445983886718750e+02 2.771864013671875000e+02 4.085653991699218750e+02
1.070873489379882812e+02 5.168088378906250000e+02 7.273624420166015625e+01 1.511768951416015625e+02 1.425640258789062500e+02 3.641450683593750000e+03 1.551009521484375000e+02 1.371116638183593750e+02 1.652861083984375000e+03 3.158234863281250000e+02 2.943705139160156250e+02 3.361473388671875000e+02 5.670553588867187500e+02 1.418276062011718750e+02 2.712503967285156250e+02 4.162875976562500000e+02
1.044605789184570312e+02 5.192526245117187500e+02 7.034375762939453125e+01 1.511405944824218750e+02 1.452330627441406250e+02 3.664699218750000000e+03 1.545371246337890625e+02 1.319798736572265625e+02 1.674609130859375000e+03 3.192207336425781250e+02 2.905021057128906250e+02 3.342232360839843750e+02 5.610936279296875000e+02 1.394399719238281250e+02 2.710447082519531250e+02 4.203636474609375000e+02
9.820470428466796875e+01 5.087080383300781250e+02 6.438469696044921875e+01 1.510713043212890625e+02 1.445952758789062500e+02 3.660115234375000000e+03 1.506634216308593750e+02 1.295658874511718750e+02 1.658279663085937500e+03 3.203600158691406250e+02 2.828454589843750000e+02 3.244909667968750000e+02 5.547461547851562500e+02 1.362751617431640625e+02 2.698500671386718750e+02 4.155185546875000000e+02
9.072787475585937500e+01 4.948545227050781250e+02 5.846744155883789062e+01 1.487489318847656250e+02 1.425573120117187500e+02 3.702252441406250000e+03 1.471865386962890625e+02 1.248798980712890625e+02 1.648871337890625000e+03 3.192951660156250000e+02 2.747886962890625000e+02 3.135919799804687500e+02 5.517238159179687500e+02 1.352931976318359375e+02 2.606506958007812500e+02 4.104353942871093750e+02
8.450160217285156250e+01 4.974918518066406250e+02 5.817414093017578125e+01 1.534633636474609375e+02 1.470167236328125000e+02 3.834024658203125000e+03 1.448953247070312500e+02 1.254707336425781250e+02 1.614791259765625000e+03 3.260017700195312500e+02 2.732980957031250000e+02 3.210473022460937500e+02 5.561192016601562500e+02 1.320773010253906250e+02 2.568781738281250000e+02 4.097893676757812500e+02
8.355942535400390625e+01 4.997669982910156250e+02 6.020307159423828125e+01 1.542330322265625000e+02 1.528379058837890625e+02 3.920876708984375000e+03 1.437850341796875000e+02 1.262847747802734375e+02 1.555697143554687500e+03 3.478497314453125000e+02 2.770707397460937500e+02 3.332431335449218750e+02 5.570742187500000000e+02 1.273354415893554688e+02 2.556958312988281250e+02 4.128501586914062500e+02
8.146830749511718750e+01 5.086816406250000000e+02 6.065703201293945312e+01 1.493294372558593750e+02 1.556083221435546875e+02 3.942323242187500000e+03 1.405468750000000000e+02 1.248333740234375000e+02 1.496082153320312500e+03 3.614394836425781250e+02 2.813218994140625000e+02 3.397737731933593750e+02 5.544094848632812500e+02 1.199558410644531250e+02 2.556457214355468750e+02 4.166247863769531250e+02
8.332570648193359375e+01 5.170933227539062500e+02 6.231705856323242188e+01 1.449570770263671875e+02 1.596102294921875000e+02 3.947924316406250000e+03 1.388375701904296875e+02 1.242868347167968750e+02 1.454868164062500000e+03 3.715132751464843750e+02 2.902512512207031250e+02 3.481061706542968750e+02 5.594381103515625000e+02 1.115772476196289062e+02 2.582250366210937500e+02 4.215350646972656250e+02
8.636714172363281250e+01 5.272316284179687500e+02 6.365058517456054688e+01 1.477114562988281250e+02 1.633629455566406250e+02 3.958330078125000000e+03 1.384412231445312500e+02 1.247850799560546875e+02 1.429028930664062500e+03 3.711594848632812500e+02 2.960574035644531250e+02 3.523228454589843750e+02 5.678501586914062500e+02 1.057975692749023438e+02 2.576691589355468750e+02 4.280909729003906250e+02
9.094319152832031250e+01 5.332838745117187500e+02 6.570877838134765625e+01 1.483421630859375000e+02 1.672566070556640625e+02 4.037550781250000000e+03 1.411273803710937500e+02 1.268960494995117188e+02 1.396871459960937500e+03 3.676002807617187500e+02 2.984861145019531250e+02 3.564229736328125000e+02 5.773287963867187500e+02 1.039727630615234375e+02 2.520694580078125000e+02 4.381713867187500000e+02
9.241606140136718750e+01 5.314819335937500000e+02 6.529692077636718750e+01 1.472607269287109375e+02 1.696750946044921875e+02 4.061862304687500000e+03 1.475418243408203125e+02 1.263900680541992188e+02 1.349158447265625000e+03 3.693684692382812500e+02 2.948005981445312500e+02 3.602899780273437500e+02 5.774461059570312500e+02 1.057734375000000000e+02 2.435805816650390625e+02 4.339834899902343750e+02
9.720886993408203125e+01 5.130997924804687500e+02 6.286562728881835938e+01 1.440782775878906250e+02 1.705998382568359375e+02 4.128137695312500000e+03 1.471471862792968750e+02 1.245430145263671875e+02 1.305126953125000000e+03 3.596771545410156250e+02 2.853643188476562500e+02 3.542571716308593750e+02 5.816724853515625000e+02 1.060001373291015625e+02 2.307744293212890625e+02 4.232861938476562500e+02
9.892623138427734375e+01 5.024574279785156250e+02 5.926696395874023438e+01 1.421752624511718750e+02 1.709625854492187500e+02 4.191040039062500000e+03 1.453393707275390625e+02 1.224956741333007812e+02 1.309011474609375000e+03 3.546589660644531250e+02 2.780725097656250000e+02 3.493855590820312500e+02 5.885610351562500000e+02 1.041916961669921875e+02 2.208505706787109375e+02 4.221397705078125000e+02
1.029518280029296875e+02 4.874514160156250000e+02 5.622375869750976562e+01 1.405278625488281250e+02 1.697576599121093750e+02 4.217997070312500000e+03 1.446462554931640625e+02 1.211568145751953125e+02 1.294943237304687500e+03 3.415561218261718750e+02 2.731127319335937500e+02 3.423167114257812500e+02 5.910964355468750000e+02 1.065186233520507812e+02 2.105632324218750000e+02 4.179943542480468750e+02
1.081507492065429688e+02 4.806748657226562500e+02 5.586949539184570312e+01 1.398709411621093750e+02 1.707102355957031250e+02 4.263767089843750000e+03 1.453015899658203125e+02 1.211893463134765625e+02 1.270052490234375000e+03 3.357317504882812500e+02 2.737407836914062500e+02 3.341472167968750000e+02 5.882894897460937500e+02 1.096161651611328125e+02 2.031449737548828125e+02 4.200871887207031250e+02
