1.233650512695312500e+02 5.869310302734375000e+02 9.695874786376953125e+01 1.717451629638671875e+02 1.234734344482421875e+02 4.234021484375000000e+03 2.073775024414062500e+02 2.033370666503906250e+02 1.794112548828125000e+03 4.239018859863281250e+02 3.509455261230468750e+02 3.408510131835937500e+02 5.654033813476562500e+02 1.575594635009765625e+02 2.649935607910156250e+02 3.999006347656250000e+02
1.283071746826171875e+02 5.894005737304687500e+02 9.753607940673828125e+01 1.749741210937500000e+02 1.242444152832031250e+02 4.295073730468750000e+03 2.053708343505859375e+02 2.062190246582031250e+02 1.798953125000000000e+03 4.173694458007812500e+02 3.565839233398437500e+02 3.433608093261718750e+02 5.631168212890625000e+02 1.541347961425781250e+02 2.716982421875000000e+02 4.021168823242187500e+02
1.269727859497070312e+02 5.912182617187500000e+02 9.685229492187500000e+01 1.774424743652343750e+02 1.251497268676757812e+02 4.320964355468750000e+03 2.034419555664062500e+02 2.055010986328125000e+02 1.811814331054687500e+03 4.119558715820312500e+02 3.575370483398437500e+02 3.442085571289062500e+02 5.596295166015625000e+02 1.492978210449218750e+02 2.805998840332031250e+02 4.026923217773437500e+02
1.262441635131835938e+02 5.871272583007812500e+02 9.561227416992187500e+01 1.788494262695312500e+02 1.259339828491210938e+02 4.287844238281250000e+03 2.016663513183593750e+02 2.035022125244140625e+02 1.813506103515625000e+03 4.078253784179687500e+02 3.530081176757812500e+02 3.444469604492187500e+02 5.618432617187500000e+02 1.449893341064453125e+02 2.856770629882812500e+02 4.006815795898437500e+02
1.282124633789062500e+02 5.930966186523437500e+02 9.543012237548828125e+01 1.812186889648437500e+02 1.270211105346679688e+02 4.298754394531250000e+03 1.979293975830078125e+02 2.059529266357421875e+02 1.812002685546875000e+03 4.119661560058593750e+02 3.564947509765625000e+02 3.454135131835937500e+02 5.622770385742187500e+02 1.416918945312500000e+02 2.902437438964843750e+02 4.030996398925781250e+02
1.252829055786132812e+02 6.035703125000000000e+02 9.398710632324218750e+01 1.831841125488281250e+02 1.278103790283203125e+02 4.261750000000000000e+03 1.962963104248046875e+02 2.100447692871093750e+02 1.817398925781250000e+03 4.216286315917968750e+02 3.618752441406250000e+02 3.457436523437500000e+02 5.605332641601562500e+02 1.421813201904296875e+02 2.932254028320312500e+02 4.074028930664062500e+02
1.212840118408203125e+02 6.096815795898437500e+02 9.172976684570312500e+01 1.835061645507812500e+02 1.284041748046875000e+02 4.170965332031250000e+03 1.964858245849609375e+02 2.116401062011718750e+02 1.814764892578125000e+03 4.281069335937500000e+02 3.683833618164062500e+02 3.457913208007812500e+02 5.613123168945312500e+02 1.378168334960937500e+02 2.943609924316406250e+02 4.105420837402343750e+02
1.179087982177734375e+02 6.134108886718750000e+02 9.093007659912109375e+01 1.822803497314453125e+02 1.294508056640625000e+02 4.009399414062500000e+03 1.961180877685546875e+02 2.137170715332031250e+02 1.802217773437500000e+03 4.280819091796875000e+02 3.726663818359375000e+02 3.461817016601562500e+02 5.638593750000000000e+02 1.359990386962890625e+02 2.896847534179687500e+02 4.103416748046875000e+02
1.105278091430664062e+02 5.995156860351562500e+02 8.550421905517578125e+01 1.729375915527343750e+02 1.295439758300781250e+02 3.836496826171875000e+03 1.898198089599609375e+02 2.085643310546875000e+02 1.774695922851562500e+03 4.149131469726562500e+02 3.691765747070312500e+02 3.449104309082031250e+02 5.573731079101562500e+02 1.310256195068359375e+02 2.838183288574218750e+02 4.082340393066406250e+02
1.048459777832031250e+02 5.722565917968750000e+02 7.550955963134765625e+01 1.579002075195312500e+02 1.282218933105468750e+02 3.741863525390625000e+03 1.825178833007812500e+02 1.973944396972656250e+02 1.713322387695312500e+03 4.033570556640625000e+02 3.540950012207031250e+02 3.421691894531250000e+02 5.416076049804687500e+02 1.238585968017578125e+02 2.738811340332031250e+02 3.907618408203125000e+02
9.621336364746093750e+01 5.423755493164062500e+02 6.758750152587890625e+01 1.426648406982421875e+02 1.263591461181640625e+02 3.673374511718750000e+03 1.723630065917968750e+02 1.828039550781250000e+02 1.638572021484375000e+03 3.832452087402343750e+02 3.363034362792968750e+02 3.375671691894531250e+02 5.245662231445312500e+02 1.162102890014648438e+02 2.631073303222656250e+02 3.729320373535156250e+02
9.326718902587890625e+01 5.263308715820312500e+02 5.928054428100585938e+01 1.335979156494140625e+02 1.248391265869140625e+02 3.643051269531250000e+03 1.647203674316406250e+02 1.724814453125000000e+02 1.581580444335937500e+03 3.731245117187500000e+02 3.239529418945312500e+02 3.339554443359375000e+02 5.112977294921875000e+02 1.121303405761718750e+02 2.521170043945312500e+02 3.625107727050781250e+02
9.103788757324218750e+01 5.238057861328125000e+02 5.442047882080078125e+01 1.332554931640625000e+02 1.251558532714843750e+02 3.657187744140625000e+03 1.620379180908203125e+02 1.683796081542968750e+02 1.559523437500000000e+03 3.729639587402343750e+02 3.245304565429687500e+02 3.320846557617187500e+02 5.085009155273437500e+02 1.128474502563476562e+02 2.476810760498046875e+02 3.627436218261718750e+02
9.302586364746093750e+01 5.424638671875000000e+02 5.714433670043945312e+01 1.423227233886718750e+02 1.255953521728515625e+02 3.686027099609375000e+03 1.667191772460937500e+02 1.735494079589843750e+02 1.552936279296875000e+03 3.834027709960937500e+02 3.396435241699218750e+02 3.318421020507812500e+02 5.127661132812500000e+02 1.169352416992187500e+02 2.450868225097656250e+02 3.733601379394531250e+02
9.813817596435546875e+01 5.610375366210937500e+02 6.198340225219726562e+01 1.521495056152343750e+02 1.257225189208984375e+02 3.754358398437500000e+03 1.717639465332031250e+02 1.804319763183593750e+02 1.584414184570312500e+03 4.003271484375000000e+02 3.538648681640625000e+02 3.303494567871093750e+02 5.225648193359375000e+02 1.227343750000000000e+02 2.467716674804687500e+02 3.847756652832031250e+02
1.027125854492187500e+02 5.773559570312500000e+02 6.698750305175781250e+01 1.600418853759765625e+02 1.247672653198242188e+02 3.839970703125000000e+03 1.746493225097656250e+02 1.847209472656250000e+02 1.584087768554687500e+03 4.168662719726562500e+02 3.688208007812500000e+02 3.281545715332031250e+02 5.319451293945312500e+02 1.300550231933593750e+02 2.508409118652343750e+02 3.952709655761718750e+02
1.039538955688476562e+02 5.918073120117187500e+02 7.296119689941406250e+01 1.676676940917968750e+02 1.239184112548828125e+02 3.928545898437500000e+03 1.790582427978515625e+02 1.922836151123046875e+02 1.601575073242187500e+03 4.327887573242187500e+02 3.873948669433593750e+02 3.278827819824218750e+02 5.342838745117187500e+02 1.317848205566406250e+02 2.540453033447265625e+02 4.084130859375000000e+02
1.060794372558593750e+02 5.990985107421875000e+02 7.709909057617187500e+01 1.745554504394531250e+02 1.228589706420898438e+02 3.967411865234375000e+03 1.816614685058593750e+02 1.962244110107421875e+02 1.626095581054687500e+03 4.396101379394531250e+02 3.942106323242187500e+02 3.270175781250000000e+02 5.388081665039062500e+02 1.337773284912109375e+02 2.553142852783203125e+02 4.201896667480468750e+02
1.102973175048828125e+02 6.096184082031250000e+02 8.122423553466796875e+01 1.801262512207031250e+02 1.226554946899414062e+02 4.030452392578125000e+03 1.848428649902343750e+02 1.972562713623046875e+02 1.640658203125000000e+03 4.479176025390625000e+02 4.017577514648437500e+02 3.266708984375000000e+02 5.441528320312500000e+02 1.370867309570312500e+02 2.626052856445312500e+02 4.304649047851562500e+02
1.131158142089843750e+02 6.056218261718750000e+02 8.487547302246093750e+01 1.861420440673828125e+02 1.227447814941406250e+02 4.077633544921875000e+03 1.816582336425781250e+02 1.993913116455078125e+02 1.655461914062500000e+03 4.492954101562500000e+02 4.041111755371093750e+02 3.266184692382812500e+02 5.469118041992187500e+02 1.405679473876953125e+02 2.653262023925781250e+02 4.437873840332031250e+02
1.156169128417968750e+02 6.021092529296875000e+02 8.560224914550781250e+01 1.905295104980468750e+02 1.221841506958007812e+02 4.120410156250000000e+03 1.832498779296875000e+02 1.991791076660156250e+02 1.652807250976562500e+03 4.551919860839843750e+02 4.009524841308593750e+02 3.254950866699218750e+02 5.469716796875000000e+02 1.435434570312500000e+02 2.739325561523437500e+02 4.577393188476562500e+02
1.192089767456054688e+02 6.028267211914062500e+02 8.891254425048828125e+01 1.963959808349609375e+02 1.218895950317382812e+02 4.171845214843750000e+03 1.823992462158203125e+02 2.035244140625000000e+02 1.666637573242187500e+03 4.582056274414062500e+02 4.027744750976562500e+02 3.255874328613281250e+02 5.467471923828125000e+02 1.453155212402343750e+02 2.753423767089843750e+02 4.675786743164062500e+02
1.215941925048828125e+02 5.953927001953125000e+02 9.364299011230468750e+01 2.071483459472656250e+02 1.249873733520507812e+02 4.153833984375000000e+03 1.826862640380859375e+02 2.000870666503906250e+02 1.668706787109375000e+03 4.530682983398437500e+02 3.980396118164062500e+02 3.198944396972656250e+02 5.673322753906250000e+02 1.416342010498046875e+02 2.744512939453125000e+02 4.723766479492187500e+02
1.112314300537109375e+02 5.379977416992187500e+02 8.035252380371093750e+01 1.810228424072265625e+02 1.176956863403320312e+02 4.026321533203125000e+03 1.681983032226562500e+02 1.798491516113281250e+02 1.594828613281250000e+03 4.267692871093750000e+02 3.553796386718750000e+02 2.990459594726562500e+02 5.478978271484375000e+02 1.304141082763671875e+02 2.561597900390625000e+02 4.388199768066406250e+02
1.042986907958984375e+02 5.005412597656250000e+02 7.056924438476562500e+01 1.626532592773437500e+02 1.114995193481445312e+02 3.956152832031250000e+03 1.578311157226562500e+02 1.668177490234375000e+02 1.550097290039062500e+03 4.103862915039062500e+02 3.237488403320312500e+02 2.863506469726562500e+02 5.333848876953125000e+02 1.208749847412109375e+02 2.441819763183593750e+02 4.150940856933593750e+02
9.866141510009765625e+01 4.767410888671875000e+02 6.268244934082031250e+01 1.520121459960937500e+02 1.062340087890625000e+02 3.901405273437500000e+03 1.527339630126953125e+02 1.579392852783203125e+02 1.517515136718750000e+03 4.040668945312500000e+02 3.042263793945312500e+02 2.775530395507812500e+02 5.245610961914062500e+02 1.148120574951171875e+02 2.296472473144531250e+02 3.938930358886718750e+02
9.288651275634765625e+01 4.651288452148437500e+02 5.708034133911132812e+01 1.481905517578125000e+02 1.034827957153320312e+02 3.859427246093750000e+03 1.507329559326171875e+02 1.523309631347656250e+02 1.509681762695312500e+03 4.061357116699218750e+02 2.936671752929687500e+02 2.728119506835937500e+02 5.174335327148437500e+02 1.110548095703125000e+02 2.245470581054687500e+02 3.827142028808593750e+02
9.278172302246093750e+01 4.672215270996093750e+02 5.456497192382812500e+01 1.501203918457031250e+02 1.025465087890625000e+02 3.875444091796875000e+03 1.501498565673828125e+02 1.508043518066406250e+02 1.510754882812500000e+03 4.061912536621093750e+02 2.930432434082031250e+02 2.753322143554687500e+02 5.152509765625000000e+02 1.099440612792968750e+02 2.213130187988281250e+02 3.796388549804687500e+02
9.269107055664062500e+01 4.743726806640625000e+02 5.447543334960937500e+01 1.544714965820312500e+02 1.025634613037109375e+02 3.949687500000000000e+03 1.517418823242187500e+02 1.533319549560546875e+02 1.527953613281250000e+03 4.103137207031250000e+02 2.956930847167968750e+02 2.806461486816406250e+02 5.143988647460937500e+02 1.105193176269531250e+02 2.204187164306640625e+02 3.822637329101562500e+02
9.227787780761718750e+01 4.815872192382812500e+02 5.355655670166015625e+01 1.572004852294921875e+02 1.023854980468750000e+02 3.994509521484375000e+03 1.529344635009765625e+02 1.535023040771484375e+02 1.527651489257812500e+03 4.090272827148437500e+02 2.975493774414062500e+02 2.820136718750000000e+02 5.106109008789062500e+02 1.112953948974609375e+02 2.184289855957031250e+02 3.844305725097656250e+02
9.308238220214843750e+01 4.914404296875000000e+02 5.313771057128906250e+01 1.611523437500000000e+02 1.037764205932617188e+02 4.066226806640625000e+03 1.542859039306640625e+02 1.568581542968750000e+02 1.528484008789062500e+03 4.086741638183593750e+02 3.019552612304687500e+02 2.870230102539062500e+02 5.084757080078125000e+02 1.119779510498046875e+02 2.138505096435546875e+02 3.855973510742187500e+02
9.302236938476562500e+01 4.976382751464843750e+02 5.317790985107421875e+01 1.641068572998046875e+02 1.044731979370117188e+02 4.099506347656250000e+03 1.546197052001953125e+02 1.587072296142578125e+02 1.519451538085937500e+03 4.088009643554687500e+02 3.036114807128906250e+02 2.910614624023437500e+02 5.045323791503906250e+02 1.121051559448242188e+02 2.097264099121093750e+02 3.852549133300781250e+02
9.258337402343750000e+01 5.029024047851562500e+02 5.351119232177734375e+01 1.662056274414062500e+02 1.042028961181640625e+02 4.133360839843750000e+03 1.540209197998046875e+02 1.588366088867187500e+02 1.508719848632812500e+03 4.078253479003906250e+02 3.035098571777343750e+02 2.940384216308593750e+02 5.007879943847656250e+02 1.125794830322265625e+02 2.076368865966796875e+02 3.852349853515625000e+02
9.225043487548828125e+01 5.053806762695312500e+02 5.368181610107421875e+01 1.668945617675781250e+02 1.033528594970703125e+02 4.153933593750000000e+03 1.534318695068359375e+02 1.591639709472656250e+02 1.495777832031250000e+03 4.044552307128906250e+02 3.032901306152343750e+02 2.972239379882812500e+02 4.949432067871093750e+02 1.128117828369140625e+02 2.086635131835937500e+02 3.860017395019531250e+02
9.188071441650390625e+01 5.068263549804687500e+02 5.308498382568359375e+01 1.652288818359375000e+02 1.028166961669921875e+02 4.194851074218750000e+03 1.541090698242187500e+02 1.590521545410156250e+02 1.482803344726562500e+03 4.008589782714843750e+02 3.020352172851562500e+02 2.972063598632812500e+02 4.854331665039062500e+02 1.126994781494140625e+02 2.109659271240234375e+02 3.858099365234375000e+02
9.793093109130859375e+01 5.387518310546875000e+02 6.073463439941406250e+01 1.805464630126953125e+02 1.047026977539062500e+02 4.309151855468750000e+03 1.616253356933593750e+02 1.694442138671875000e+02 1.477295654296875000e+03 4.064693603515625000e+02 3.205158996582031250e+02 3.061997985839843750e+02 4.756084289550781250e+02 1.175124664306640625e+02 2.217095947265625000e+02 4.064189147949218750e+02
1.013203964233398438e+02 5.463642578125000000e+02 6.335044860839843750e+01 1.812604827880859375e+02 1.067789916992187500e+02 4.354819335937500000e+03 1.639634704589843750e+02 1.712828369140625000e+02 1.486769042968750000e+03 4.013499755859375000e+02 3.219164123535156250e+02 3.105578308105468750e+02 4.819778747558593750e+02 1.179422531127929688e+02 2.249181213378906250e+02 4.124824523925781250e+02
1.036362762451171875e+02 5.467147827148437500e+02 6.437355804443359375e+01 1.789180755615234375e+02 1.076308364868164062e+02 4.334894531250000000e+03 1.650312194824218750e+02 1.706970825195312500e+02 1.498565917968750000e+03 4.008911437988281250e+02 3.202104187011718750e+02 3.109403686523437500e+02 4.903909606933593750e+02 1.166298980712890625e+02 2.249628753662109375e+02 4.127861328125000000e+02
1.032870178222656250e+02 5.488200683593750000e+02 6.596867370605468750e+01 1.766696166992187500e+02 1.090342254638671875e+02 4.321635742187500000e+03 1.647643890380859375e+02 1.705555877685546875e+02 1.527410400390625000e+03 4.009744873046875000e+02 3.190770263671875000e+02 3.113424987792968750e+02 5.014770812988281250e+02 1.171200256347656250e+02 2.261308288574218750e+02 4.119250488281250000e+02
1.045869445800781250e+02 5.487741699218750000e+02 6.841655731201171875e+01 1.747140502929687500e+02 1.099111633300781250e+02 4.333944824218750000e+03 1.645324707031250000e+02 1.704695129394531250e+02 1.547381591796875000e+03 4.013677062988281250e+02 3.174464416503906250e+02 3.129980468750000000e+02 5.142833251953125000e+02 1.197086105346679688e+02 2.306641235351562500e+02 4.093948059082031250e+02
1.058842926025390625e+02 5.494981689453125000e+02 7.102584838867187500e+01 1.736017150878906250e+02 1.107738037109375000e+02 4.351648437500000000e+03 1.645146179199218750e+02 1.716996612548828125e+02 1.558636840820312500e+03 3.930534667968750000e+02 3.157563171386718750e+02 3.143556518554687500e+02 5.220645751953125000e+02 1.230382690429687500e+02 2.367636718750000000e+02 4.075081176757812500e+02
1.072502899169921875e+02 5.488389892578125000e+02 7.263879394531250000e+01 1.725933837890625000e+02 1.121031799316406250e+02 4.384384765625000000e+03 1.653020477294921875e+02 1.700375976562500000e+02 1.563729736328125000e+03 3.855602111816406250e+02 3.159540405273437500e+02 3.149283752441406250e+02 5.270750732421875000e+02 1.249040298461914062e+02 2.453109588623046875e+02 4.066176452636718750e+02
1.084299240112304688e+02 5.504572143554687500e+02 7.467605590820312500e+01 1.735139465332031250e+02 1.135603103637695312e+02 4.433406250000000000e+03 1.661582336425781250e+02 1.693744812011718750e+02 1.571058959960937500e+03 3.876401367187500000e+02 3.171812133789062500e+02 3.171488647460937500e+02 5.332073364257812500e+02 1.279794158935546875e+02 2.546849212646484375e+02 4.083992919921875000e+02
1.108215866088867188e+02 5.517768554687500000e+02 7.596116638183593750e+01 1.751279907226562500e+02 1.142946472167968750e+02 4.461154785156250000e+03 1.676779785156250000e+02 1.669141235351562500e+02 1.607364379882812500e+03 3.864318237304687500e+02 3.194169921875000000e+02 3.177141723632812500e+02 5.384697875976562500e+02 1.315417175292968750e+02 2.645507202148437500e+02 4.130529479980468750e+02
1.127582321166992188e+02 5.556315917968750000e+02 7.684120178222656250e+01 1.769261016845703125e+02 1.149485168457031250e+02 4.501858398437500000e+03 1.695446014404296875e+02 1.656208801269531250e+02 1.655598999023437500e+03 3.855718994140625000e+02 3.215072631835937500e+02 3.174644470214843750e+02 5.423763427734375000e+02 1.328206634521484375e+02 2.681938781738281250e+02 4.180864257812500000e+02
1.159227142333984375e+02 5.592222900390625000e+02 7.877617645263671875e+01 1.776671142578125000e+02 1.163790893554687500e+02 4.482444335937500000e+03 1.721143035888671875e+02 1.660241088867187500e+02 1.682359741210937500e+03 3.810551757812500000e+02 3.236586608886718750e+02 3.180711059570312500e+02 5.455223388671875000e+02 1.361254577636718750e+02 2.728026733398437500e+02 4.214138793945312500e+02
1.171335220336914062e+02 5.672628173828125000e+02 8.078692626953125000e+01 1.809664916992187500e+02 1.195386352539062500e+02 4.494242675781250000e+03 1.743535614013671875e+02 1.653751678466796875e+02 1.728362670898437500e+03 3.843981323242187500e+02 3.288048095703125000e+02 3.195098876953125000e+02 5.498346557617187500e+02 1.412258148193359375e+02 2.741314086914062500e+02 4.274176940917968750e+02
1.186339263916015625e+02 5.703953247070312500e+02 8.118099212646484375e+01 1.832933654785156250e+02 1.213817825317382812e+02 4.467378906250000000e+03 1.738401794433593750e+02 1.629987792968750000e+02 1.751350708007812500e+03 3.877971496582031250e+02 3.292449645996093750e+02 3.203730773925781250e+02 5.515319213867187500e+02 1.440422668457031250e+02 2.759684143066406250e+02 4.348731689453125000e+02
1.173190460205078125e+02 5.708599243164062500e+02 8.030608367919921875e+01 1.870150604248046875e+02 1.221161880493164062e+02 4.463986328125000000e+03 1.727049255371093750e+02 1.620164031982421875e+02 1.779155151367187500e+03 3.912760620117187500e+02 3.300566101074218750e+02 3.179373779296875000e+02 5.529271240234375000e+02 1.475599822998046875e+02 2.780413208007812500e+02 4.362117309570312500e+02
1.135129928588867188e+02 5.714666748046875000e+02 7.986163330078125000e+01 1.909559936523437500e+02 1.223364562988281250e+02 4.467545898437500000e+03 1.723059997558593750e+02 1.601776123046875000e+02 1.798589599609375000e+03 3.910853881835937500e+02 3.319124450683593750e+02 3.154244079589843750e+02 5.545977783203125000e+02 1.509129943847656250e+02 2.784395141601562500e+02 4.394405212402343750e+02
1.115349273681640625e+02 5.802774658203125000e+02 8.207556152343750000e+01 1.988377685546875000e+02 1.244666519165039062e+02 4.513676269531250000e+03 1.731070556640625000e+02 1.608575592041015625e+02 1.800601318359375000e+03 3.927892761230468750e+02 3.348375244140625000e+02 3.182466125488281250e+02 5.562026367187500000e+02 1.536736145019531250e+02 2.811743469238281250e+02 4.470276794433593750e+02
1.153538970947265625e+02 5.895274047851562500e+02 8.396009826660156250e+01 2.057228240966796875e+02 1.269456787109375000e+02 4.557382812500000000e+03 1.741172180175781250e+02 1.624362792968750000e+02 1.790323730468750000e+03 4.045862121582031250e+02 3.410448608398437500e+02 3.231689453125000000e+02 5.572329101562500000e+02 1.530576324462890625e+02 2.831724853515625000e+02 4.588844299316406250e+02
1.143687744140625000e+02 6.007953491210937500e+02 8.358789062500000000e+01 2.095349731445312500e+02 1.283280487060546875e+02 4.594441894531250000e+03 1.743113861083984375e+02 1.621225280761718750e+02 1.785186767578125000e+03 4.187825317382812500e+02 3.493928833007812500e+02 3.253831787109375000e+02 5.567221069335937500e+02 1.494136962890625000e+02 2.832825317382812500e+02 4.688355712890625000e+02
1.134637908935546875e+02 6.037712402343750000e+02 8.420597076416015625e+01 2.103567199707031250e+02 1.298975830078125000e+02 4.593307617187500000e+03 1.750544281005859375e+02 1.612379913330078125e+02 1.786737670898437500e+03 4.333787841796875000e+02 3.535254516601562500e+02 3.278758239746093750e+02 5.596102294921875000e+02 1.448600463867187500e+02 2.828005065917968750e+02 4.740954589843750000e+02
1.162240524291992188e+02 6.163632812500000000e+02 8.557528686523437500e+01 2.164603118896484375e+02 1.312196960449218750e+02 4.579699707031250000e+03 1.742210845947265625e+02 1.627978363037109375e+02 1.787388916015625000e+03 4.410908508300781250e+02 3.594883422851562500e+02 3.298361816406250000e+02 5.635657958984375000e+02 1.420687866210937500e+02 2.813840332031250000e+02 4.803638610839843750e+02
