1.013484497070312500e+02 5.011805419921875000e+02 8.189439392089843750e+01 1.228590850830078125e+02 1.337680206298828125e+02 3.656532714843750000e+03 1.774067382812500000e+02 1.715926971435546875e+02 1.693050903320312500e+03 3.497322998046875000e+02 2.920404052734375000e+02 3.557095947265625000e+02 5.797411499023437500e+02 1.394813232421875000e+02 2.441815795898437500e+02 3.521668395996093750e+02
1.021405181884765625e+02 4.961362609863281250e+02 7.949825286865234375e+01 1.228007049560546875e+02 1.338497619628906250e+02 3.698366210937500000e+03 1.728020172119140625e+02 1.710765686035156250e+02 1.673470214843750000e+03 3.413287353515625000e+02 2.916386108398437500e+02 3.574883422851562500e+02 5.693624267578125000e+02 1.323900299072265625e+02 2.515961303710937500e+02 3.516102294921875000e+02
9.862616729736328125e+01 4.912181701660156250e+02 7.562305450439453125e+01 1.217872619628906250e+02 1.339114532470703125e+02 3.656693847656250000e+03 1.688569488525390625e+02 1.686751708984375000e+02 1.665126586914062500e+03 3.342674560546875000e+02 2.882686157226562500e+02 3.569559936523437500e+02 5.565270385742187500e+02 1.241086044311523438e+02 2.594831542968750000e+02 3.500650024414062500e+02
9.702068328857421875e+01 4.843818054199218750e+02 7.104829406738281250e+01 1.196675872802734375e+02 1.336350097656250000e+02 3.605312988281250000e+03 1.649681549072265625e+02 1.649017639160156250e+02 1.641825805664062500e+03 3.285606384277343750e+02 2.816597595214843750e+02 3.556217651367187500e+02 5.509634399414062500e+02 1.180238800048828125e+02 2.632373962402343750e+02 3.461241455078125000e+02
9.642329406738281250e+01 4.839513549804687500e+02 6.772301483154296875e+01 1.177353973388671875e+02 1.338157348632812500e+02 3.595513183593750000e+03 1.608264007568359375e+02 1.636389465332031250e+02 1.618303588867187500e+03 3.294241638183593750e+02 2.807322387695312500e+02 3.553065795898437500e+02 5.433632812500000000e+02 1.140925979614257812e+02 2.664262084960937500e+02 3.445949096679687500e+02
9.243215942382812500e+01 4.849954833984375000e+02 6.339769744873046875e+01 1.158772735595703125e+02 1.336402282714843750e+02 3.558191894531250000e+03 1.577421569824218750e+02 1.639858093261718750e+02 1.605103271484375000e+03 3.323431396484375000e+02 2.812911682128906250e+02 3.541884765625000000e+02 5.322327880859375000e+02 1.128053131103515625e+02 2.675352478027343750e+02 3.448811645507812500e+02
8.846472930908203125e+01 4.869019165039062500e+02 5.892593383789062500e+01 1.138410034179687500e+02 1.331233367919921875e+02 3.551692871093750000e+03 1.574841766357421875e+02 1.635177154541015625e+02 1.583551879882812500e+03 3.361893310546875000e+02 2.840191040039062500e+02 3.524198608398437500e+02 5.255098876953125000e+02 1.097691345214843750e+02 2.664791259765625000e+02 3.448193359375000000e+02
8.610841369628906250e+01 4.901373901367187500e+02 5.720141983032226562e+01 1.131820831298828125e+02 1.332713317871093750e+02 3.479338867187500000e+03 1.570446166992187500e+02 1.644925537109375000e+02 1.566685668945312500e+03 3.378574829101562500e+02 2.882937011718750000e+02 3.513735046386718750e+02 5.248193969726562500e+02 1.088190002441406250e+02 2.577063903808593750e+02 3.442834167480468750e+02
8.370344543457031250e+01 4.910524902343750000e+02 5.416056442260742188e+01 1.125553588867187500e+02 1.330688476562500000e+02 3.407549316406250000e+03 1.564504089355468750e+02 1.634833374023437500e+02 1.561917846679687500e+03 3.372714843750000000e+02 2.930591735839843750e+02 3.494701232910156250e+02 5.205484619140625000e+02 1.079633102416992188e+02 2.515757904052734375e+02 3.466145935058593750e+02
8.399632263183593750e+01 4.913229675292968750e+02 5.076328659057617188e+01 1.119305419921875000e+02 1.324437561035156250e+02 3.323700683593750000e+03 1.566290130615234375e+02 1.627777862548828125e+02 1.530816772460937500e+03 3.389606323242187500e+02 2.968629455566406250e+02 3.480973510742187500e+02 5.157342529296875000e+02 1.071574859619140625e+02 2.449811248779296875e+02 3.444876708984375000e+02
8.130692291259765625e+01 4.869084167480468750e+02 4.979003524780273438e+01 1.073357543945312500e+02 1.322934570312500000e+02 3.247723144531250000e+03 1.540599212646484375e+02 1.594705657958984375e+02 1.473535156250000000e+03 3.333575134277343750e+02 2.964489746093750000e+02 3.453211059570312500e+02 5.123034057617187500e+02 1.046536178588867188e+02 2.394097442626953125e+02 3.401947021484375000e+02
7.850334167480468750e+01 4.751802978515625000e+02 4.507730865478515625e+01 9.807873535156250000e+01 1.313920288085937500e+02 3.178670898437500000e+03 1.482255859375000000e+02 1.527105255126953125e+02 1.405809326171875000e+03 3.246425170898437500e+02 2.878755493164062500e+02 3.424839172363281250e+02 5.051613159179687500e+02 1.011304626464843750e+02 2.302144927978515625e+02 3.318829956054687500e+02
7.222972106933593750e+01 4.522929687500000000e+02 3.697013092041015625e+01 8.581306457519531250e+01 1.304903259277343750e+02 3.133436035156250000e+03 1.397855224609375000e+02 1.421164550781250000e+02 1.343193237304687500e+03 3.122844848632812500e+02 2.726788330078125000e+02 3.378890075683593750e+02 4.886491088867187500e+02 9.726708984375000000e+01 2.207445526123046875e+02 3.210696411132812500e+02
6.632589721679687500e+01 4.320700683593750000e+02 2.922039413452148438e+01 7.699305725097656250e+01 1.274368133544921875e+02 3.086108886718750000e+03 1.342092895507812500e+02 1.331989440917968750e+02 1.260431640625000000e+03 3.019562988281250000e+02 2.587883300781250000e+02 3.295948181152343750e+02 4.530972595214843750e+02 9.413298034667968750e+01 2.031596832275390625e+02 3.114955139160156250e+02
6.532370758056640625e+01 4.188065795898437500e+02 2.424633789062500000e+01 7.407765197753906250e+01 1.238967590332031250e+02 3.062936523437500000e+03 1.312992401123046875e+02 1.285378723144531250e+02 1.228924194335937500e+03 3.017867431640625000e+02 2.493622436523437500e+02 3.198876647949218750e+02 4.254124145507812500e+02 9.421755981445312500e+01 1.902511596679687500e+02 3.069252014160156250e+02
6.628334808349609375e+01 4.169590759277343750e+02 2.326493835449218750e+01 7.570066833496093750e+01 1.214496994018554688e+02 3.071319824218750000e+03 1.304476623535156250e+02 1.269530792236328125e+02 1.197141479492187500e+03 3.059692382812500000e+02 2.497721862792968750e+02 3.146049499511718750e+02 4.185447082519531250e+02 9.664267730712890625e+01 1.863104248046875000e+02 3.085967407226562500e+02
6.729365539550781250e+01 4.235617065429687500e+02 2.592364501953125000e+01 8.078114318847656250e+01 1.207300643920898438e+02 3.120957519531250000e+03 1.329009857177734375e+02 1.307801513671875000e+02 1.201105224609375000e+03 3.144224853515625000e+02 2.582006225585937500e+02 3.145765686035156250e+02 4.123162841796875000e+02 9.763537597656250000e+01 1.866945648193359375e+02 3.163999633789062500e+02
6.963740539550781250e+01 4.320820922851562500e+02 2.955612564086914062e+01 8.730958557128906250e+01 1.201867828369140625e+02 3.131938476562500000e+03 1.356479187011718750e+02 1.344066772460937500e+02 1.220736816406250000e+03 3.218345031738281250e+02 2.646218261718750000e+02 3.138757629394531250e+02 4.246333007812500000e+02 9.982427978515625000e+01 1.888667907714843750e+02 3.263683471679687500e+02
7.350096893310546875e+01 4.439307861328125000e+02 3.406414413452148438e+01 9.388267517089843750e+01 1.204624252319335938e+02 3.154808105468750000e+03 1.389118041992187500e+02 1.377304077148437500e+02 1.241151123046875000e+03 3.307257995605468750e+02 2.733694763183593750e+02 3.146713867187500000e+02 4.398345642089843750e+02 1.033391571044921875e+02 1.964844207763671875e+02 3.376080322265625000e+02
7.668107604980468750e+01 4.491317749023437500e+02 3.847303771972656250e+01 1.010461120605468750e+02 1.206944122314453125e+02 3.175494384765625000e+03 1.391874542236328125e+02 1.418908843994140625e+02 1.264378173828125000e+03 3.375266113281250000e+02 2.808388671875000000e+02 3.147682495117187500e+02 4.463908081054687500e+02 1.071640167236328125e+02 2.019060974121093750e+02 3.510104370117187500e+02
8.017848205566406250e+01 4.538196411132812500e+02 4.119211196899414062e+01 1.072442321777343750e+02 1.197819976806640625e+02 3.230472167968750000e+03 1.418672485351562500e+02 1.445408020019531250e+02 1.276547119140625000e+03 3.464147644042968750e+02 2.849963989257812500e+02 3.128579101562500000e+02 4.461873779296875000e+02 1.105924835205078125e+02 2.111691131591796875e+02 3.646319274902343750e+02
8.416835784912109375e+01 4.608342895507812500e+02 4.577949523925781250e+01 1.146136169433593750e+02 1.193892669677734375e+02 3.254248291015625000e+03 1.431177825927734375e+02 1.494488830566406250e+02 1.304017333984375000e+03 3.516545410156250000e+02 2.915146179199218750e+02 3.129481506347656250e+02 4.487609252929687500e+02 1.131085128784179688e+02 2.150793304443359375e+02 3.753497314453125000e+02
9.016629791259765625e+01 4.710369262695312500e+02 5.364632034301757812e+01 1.323174743652343750e+02 1.148450317382812500e+02 3.442585937500000000e+03 1.480722045898437500e+02 1.530370025634765625e+02 1.355545288085937500e+03 3.610579833984375000e+02 3.001809387207031250e+02 2.961676025390625000e+02 4.677793579101562500e+02 1.137924728393554688e+02 2.216892089843750000e+02 3.855959472656250000e+02
9.257128906250000000e+01 4.656901245117187500e+02 5.581029129028320312e+01 1.374496917724609375e+02 1.136954421997070312e+02 3.483975585937500000e+03 1.480335083007812500e+02 1.524432067871093750e+02 1.388110473632812500e+03 3.706200561523437500e+02 2.980543212890625000e+02 2.884059753417968750e+02 4.845053710937500000e+02 1.133031616210937500e+02 2.236712493896484375e+02 3.856229248046875000e+02
9.311230468750000000e+01 4.561276855468750000e+02 5.689042663574218750e+01 1.372211303710937500e+02 1.134630889892578125e+02 3.518683105468750000e+03 1.450631561279296875e+02 1.505179748535156250e+02 1.407196899414062500e+03 3.769759216308593750e+02 2.905443115234375000e+02 2.871634521484375000e+02 5.014948425292968750e+02 1.108643493652343750e+02 2.266709289550781250e+02 3.837300109863281250e+02
9.118751525878906250e+01 4.416560058593750000e+02 5.562528610229492188e+01 1.343193969726562500e+02 1.112068176269531250e+02 3.439301513671875000e+03 1.426541442871093750e+02 1.458518829345703125e+02 1.395113525390625000e+03 3.791563110351562500e+02 2.807265014648437500e+02 2.842159423828125000e+02 5.123015136718750000e+02 1.076807174682617188e+02 2.212343750000000000e+02 3.744144592285156250e+02
8.644564819335937500e+01 4.314499816894531250e+02 5.393183135986328125e+01 1.328543548583984375e+02 1.100505371093750000e+02 3.404736083984375000e+03 1.410007324218750000e+02 1.411907958984375000e+02 1.386850341796875000e+03 3.800023803710937500e+02 2.724003906250000000e+02 2.820425109863281250e+02 5.150858764648437500e+02 1.045012512207031250e+02 2.198806762695312500e+02 3.684540405273437500e+02
8.654624938964843750e+01 4.336187744140625000e+02 5.407068252563476562e+01 1.358986816406250000e+02 1.103527221679687500e+02 3.400196777343750000e+03 1.396249084472656250e+02 1.390870361328125000e+02 1.387597900390625000e+03 3.807286682128906250e+02 2.727579956054687500e+02 2.876703796386718750e+02 5.214379882812500000e+02 1.029292907714843750e+02 2.189816589355468750e+02 3.688276062011718750e+02
8.673272705078125000e+01 4.426398315429687500e+02 5.692310333251953125e+01 1.424582824707031250e+02 1.119166412353515625e+02 3.459631347656250000e+03 1.408779907226562500e+02 1.421790466308593750e+02 1.415433837890625000e+03 3.876546936035156250e+02 2.770494995117187500e+02 2.961403808593750000e+02 5.290286865234375000e+02 1.035164642333984375e+02 2.198671112060546875e+02 3.758776855468750000e+02
8.748860168457031250e+01 4.542962036132812500e+02 5.913748550415039062e+01 1.486028137207031250e+02 1.133245086669921875e+02 3.467406982421875000e+03 1.426455688476562500e+02 1.433265991210937500e+02 1.436261596679687500e+03 3.885969238281250000e+02 2.820017395019531250e+02 2.995112304687500000e+02 5.338065185546875000e+02 1.049792175292968750e+02 2.192156066894531250e+02 3.836815185546875000e+02
9.029373168945312500e+01 4.727976684570312500e+02 6.233161544799804688e+01 1.587205047607421875e+02 1.166730346679687500e+02 3.566128662109375000e+03 1.452439270019531250e+02 1.501570739746093750e+02 1.465611572265625000e+03 3.920942687988281250e+02 2.925310058593750000e+02 3.076941528320312500e+02 5.411645507812500000e+02 1.064745483398437500e+02 2.156194152832031250e+02 3.911859130859375000e+02
9.252297210693359375e+01 4.880971069335937500e+02 6.645185089111328125e+01 1.693295288085937500e+02 1.191818618774414062e+02 3.620881835937500000e+03 1.467804107666015625e+02 1.557566833496093750e+02 1.481253295898437500e+03 3.973612060546875000e+02 3.007188720703125000e+02 3.146158447265625000e+02 5.484837036132812500e+02 1.076503982543945312e+02 2.132088928222656250e+02 3.973317260742187500e+02
9.457705688476562500e+01 5.043226928710937500e+02 7.123736572265625000e+01 1.805195007324218750e+02 1.206569747924804688e+02 3.682522949218750000e+03 1.473102111816406250e+02 1.592728271484375000e+02 1.497764038085937500e+03 4.029627990722656250e+02 3.074282836914062500e+02 3.204649963378906250e+02 5.571422729492187500e+02 1.096745071411132812e+02 2.140678405761718750e+02 4.046152038574218750e+02
9.719874572753906250e+01 5.188069458007812500e+02 7.627437591552734375e+01 1.912361145019531250e+02 1.215627593994140625e+02 3.736888183593750000e+03 1.484018707275390625e+02 1.639461212158203125e+02 1.511302978515625000e+03 4.059697875976562500e+02 3.155471801757812500e+02 3.265006408691406250e+02 5.651388549804687500e+02 1.116398468017578125e+02 2.202550811767578125e+02 4.142119750976562500e+02
1.012928543090820312e+02 5.391373291015625000e+02 8.150034332275390625e+01 2.024211425781250000e+02 1.234159088134765625e+02 3.787931396484375000e+03 1.536310119628906250e+02 1.704482116699218750e+02 1.525051635742187500e+03 4.137949218750000000e+02 3.266996154785156250e+02 3.301878051757812500e+02 5.734235229492187500e+02 1.143321075439453125e+02 2.310290679931640625e+02 4.267536621093750000e+02
1.009310684204101562e+02 5.713164672851562500e+02 7.932707214355468750e+01 1.996450500488281250e+02 1.223789062500000000e+02 3.856639404296875000e+03 1.595370025634765625e+02 1.786529235839843750e+02 1.492072265625000000e+03 4.052598266601562500e+02 3.364419555664062500e+02 3.346136169433593750e+02 5.565823364257812500e+02 1.189326171875000000e+02 2.320354919433593750e+02 4.409452514648437500e+02
1.060145034790039062e+02 5.798236083984375000e+02 8.222811126708984375e+01 1.981856689453125000e+02 1.234381942749023438e+02 3.961248291015625000e+03 1.628211669921875000e+02 1.804299774169921875e+02 1.495946533203125000e+03 3.949021606445312500e+02 3.358010559082031250e+02 3.364736328125000000e+02 5.615345458984375000e+02 1.185748977661132812e+02 2.361593933105468750e+02 4.474494323730468750e+02
1.092321395874023438e+02 5.759807739257812500e+02 8.258527374267578125e+01 1.913178863525390625e+02 1.238584213256835938e+02 3.956012451171875000e+03 1.636982574462890625e+02 1.781382293701171875e+02 1.506156494140625000e+03 3.910478820800781250e+02 3.298137512207031250e+02 3.365072021484375000e+02 5.686898193359375000e+02 1.154272232055664062e+02 2.355219573974609375e+02 4.450669555664062500e+02
1.077683334350585938e+02 5.726755981445312500e+02 8.321636962890625000e+01 1.837792205810546875e+02 1.247480773925781250e+02 4.004973632812500000e+03 1.621760101318359375e+02 1.757595520019531250e+02 1.540829711914062500e+03 3.888465270996093750e+02 3.239102783203125000e+02 3.356316528320312500e+02 5.763521728515625000e+02 1.151941833496093750e+02 2.359896240234375000e+02 4.390663146972656250e+02
1.081474304199218750e+02 5.651478881835937500e+02 8.484772491455078125e+01 1.762578430175781250e+02 1.252544937133789062e+02 3.980055175781250000e+03 1.603490447998046875e+02 1.731107482910156250e+02 1.563090209960937500e+03 3.837732543945312500e+02 3.163446044921875000e+02 3.363676147460937500e+02 5.840083618164062500e+02 1.182704315185546875e+02 2.401918945312500000e+02 4.297898559570312500e+02
1.085146179199218750e+02 5.598486938476562500e+02 8.638545989990234375e+01 1.703647155761718750e+02 1.259070892333984375e+02 4.044143066406250000e+03 1.585674743652343750e+02 1.722616577148437500e+02 1.569545288085937500e+03 3.674683227539062500e+02 3.097131958007812500e+02 3.377000427246093750e+02 5.877531127929687500e+02 1.224491500854492188e+02 2.477133178710937500e+02 4.220158081054687500e+02
1.082110595703125000e+02 5.519064331054687500e+02 8.638137054443359375e+01 1.645024719238281250e+02 1.269317092895507812e+02 4.085199951171875000e+03 1.578927001953125000e+02 1.672509765625000000e+02 1.560867187500000000e+03 3.524083251953125000e+02 3.056831054687500000e+02 3.375972290039062500e+02 5.886519165039062500e+02 1.245869674682617188e+02 2.577181701660156250e+02 4.158010253906250000e+02
1.078833618164062500e+02 5.469775390625000000e+02 8.618941497802734375e+01 1.612755584716796875e+02 1.280262756347656250e+02 4.104200683593750000e+03 1.575400543212890625e+02 1.633635253906250000e+02 1.548952148437500000e+03 3.491515808105468750e+02 3.032647705078125000e+02 3.389225769042968750e+02 5.898619384765625000e+02 1.283032379150390625e+02 2.677970581054687500e+02 4.134287109375000000e+02
1.086623916625976562e+02 5.423660278320312500e+02 8.470850372314453125e+01 1.598550109863281250e+02 1.285095520019531250e+02 4.135486816406250000e+03 1.580205993652343750e+02 1.578342132568359375e+02 1.582873779296875000e+03 3.429117431640625000e+02 3.028358154296875000e+02 3.390069580078125000e+02 5.908059082031250000e+02 1.318173370361328125e+02 2.766692810058593750e+02 4.146613159179687500e+02
1.082809295654296875e+02 5.384398803710937500e+02 8.242585754394531250e+01 1.582110290527343750e+02 1.287366943359375000e+02 4.121557617187500000e+03 1.581965942382812500e+02 1.534311523437500000e+02 1.635251586914062500e+03 3.359653015136718750e+02 3.013452758789062500e+02 3.375781860351562500e+02 5.907491455078125000e+02 1.318343658447265625e+02 2.778434448242187500e+02 4.159062194824218750e+02
1.091636657714843750e+02 5.335699462890625000e+02 8.115025329589843750e+01 1.554802856445312500e+02 1.296836547851562500e+02 4.073364501953125000e+03 1.586838989257812500e+02 1.510739440917968750e+02 1.659139038085937500e+03 3.267595825195312500e+02 2.995428466796875000e+02 3.371780395507812500e+02 5.896900634765625000e+02 1.344685821533203125e+02 2.799797668457031250e+02 4.143031005859375000e+02
1.086818161010742188e+02 5.330162963867187500e+02 7.981655883789062500e+01 1.553921051025390625e+02 1.325819702148437500e+02 4.077641357421875000e+03 1.591486663818359375e+02 1.475140991210937500e+02 1.702301147460937500e+03 3.260377502441406250e+02 3.009713134765625000e+02 3.375486450195312500e+02 5.893446044921875000e+02 1.386657562255859375e+02 2.776621093750000000e+02 4.162874145507812500e+02
1.071006164550781250e+02 5.286447753906250000e+02 7.662039184570312500e+01 1.538254089355468750e+02 1.340178527832031250e+02 4.085189208984375000e+03 1.569917144775390625e+02 1.423438110351562500e+02 1.722010498046875000e+03 3.255560607910156250e+02 2.967904663085937500e+02 3.369206237792968750e+02 5.860805053710937500e+02 1.389831237792968750e+02 2.766217651367187500e+02 4.182102966308593750e+02
1.027552490234375000e+02 5.198358154296875000e+02 7.161506652832031250e+01 1.533023071289062500e+02 1.342326660156250000e+02 4.050813720703125000e+03 1.539942321777343750e+02 1.390922393798828125e+02 1.741155273437500000e+03 3.244738769531250000e+02 2.921083679199218750e+02 3.324603576660156250e+02 5.821260375976562500e+02 1.391231079101562500e+02 2.752517700195312500e+02 4.139707641601562500e+02
9.681787109375000000e+01 5.106050415039062500e+02 6.689429473876953125e+01 1.522918395996093750e+02 1.339907073974609375e+02 4.010821533203125000e+03 1.517094421386718750e+02 1.350825805664062500e+02 1.750816406250000000e+03 3.216593017578125000e+02 2.878709411621093750e+02 3.275134887695312500e+02 5.783592529296875000e+02 1.392172393798828125e+02 2.710263977050781250e+02 4.109011535644531250e+02
9.250143432617187500e+01 5.106052246093750000e+02 6.549855804443359375e+01 1.554162292480468750e+02 1.361174011230468750e+02 4.084698730468750000e+03 1.505763549804687500e+02 1.343226318359375000e+02 1.737704711914062500e+03 3.219610900878906250e+02 2.859962463378906250e+02 3.293453979492187500e+02 5.750681762695312500e+02 1.383146514892578125e+02 2.700698852539062500e+02 4.116437988281250000e+02
9.256570434570312500e+01 5.109284057617187500e+02 6.465119934082031250e+01 1.568594360351562500e+02 1.385055236816406250e+02 4.180907714843750000e+03 1.498564300537109375e+02 1.344075927734375000e+02 1.703983520507812500e+03 3.314911499023437500e+02 2.874281921386718750e+02 3.336604614257812500e+02 5.705083007812500000e+02 1.346004486083984375e+02 2.687973327636718750e+02 4.158637695312500000e+02
8.983654785156250000e+01 5.138608398437500000e+02 6.223183822631835938e+01 1.549918212890625000e+02 1.394571838378906250e+02 4.177192871093750000e+03 1.481263275146484375e+02 1.328685302734375000e+02 1.669309814453125000e+03 3.407619323730468750e+02 2.897101440429687500e+02 3.343874816894531250e+02 5.636008300781250000e+02 1.282692108154296875e+02 2.649869995117187500e+02 4.190120239257812500e+02
8.830595397949218750e+01 5.128246459960937500e+02 6.110825729370117188e+01 1.514545593261718750e+02 1.405972442626953125e+02 4.129102539062500000e+03 1.467987518310546875e+02 1.311508789062500000e+02 1.638138793945312500e+03 3.482478637695312500e+02 2.908731994628906250e+02 3.353041992187500000e+02 5.601578979492187500e+02 1.215149383544921875e+02 2.606390991210937500e+02 4.193690185546875000e+02
8.866641998291015625e+01 5.162912597656250000e+02 6.052314376831054688e+01 1.514566345214843750e+02 1.413267517089843750e+02 4.112711425781250000e+03 1.449092407226562500e+02 1.309250793457031250e+02 1.608700195312500000e+03 3.492164611816406250e+02 2.918506469726562500e+02 3.354926147460937500e+02 5.577584228515625000e+02 1.164955673217773438e+02 2.553915252685546875e+02 4.207279052734375000e+02
8.833364868164062500e+01 5.151751708984375000e+02 6.017521667480468750e+01 1.488326721191406250e+02 1.419605102539062500e+02 4.082474365234375000e+03 1.441290130615234375e+02 1.307138061523437500e+02 1.571547241210937500e+03 3.474566955566406250e+02 2.905007324218750000e+02 3.342195739746093750e+02 5.547958374023437500e+02 1.118220977783203125e+02 2.493258361816406250e+02 4.220792541503906250e+02
8.751348114013671875e+01 5.101520996093750000e+02 5.886552810668945312e+01 1.439874267578125000e+02 1.419624938964843750e+02 4.026263671875000000e+03 1.452963104248046875e+02 1.293412780761718750e+02 1.489871337890625000e+03 3.485105285644531250e+02 2.854598388671875000e+02 3.332197265625000000e+02 5.470005493164062500e+02 1.102802734375000000e+02 2.421510772705078125e+02 4.167050781250000000e+02
