1.070218582153320312e+02 5.254552612304687500e+02 7.771182250976562500e+01 1.475751953125000000e+02 1.468147277832031250e+02 3.645149169921875000e+03 1.790343170166015625e+02 1.823433532714843750e+02 1.635216796875000000e+03 3.672865600585937500e+02 3.138775329589843750e+02 3.777684326171875000e+02 5.715312500000000000e+02 1.346372680664062500e+02 2.581847229003906250e+02 3.706514282226562500e+02
1.063170700073242188e+02 5.201006469726562500e+02 7.621121978759765625e+01 1.455954284667968750e+02 1.479080200195312500e+02 3.669628662109375000e+03 1.753179016113281250e+02 1.811097106933593750e+02 1.622448120117187500e+03 3.581594543457031250e+02 3.128282165527343750e+02 3.818519287109375000e+02 5.638888549804687500e+02 1.273775329589843750e+02 2.663195800781250000e+02 3.713002319335937500e+02
1.013975524902343750e+02 5.124639892578125000e+02 7.335722351074218750e+01 1.400971679687500000e+02 1.490622558593750000e+02 3.644687011718750000e+03 1.720583953857421875e+02 1.782737274169921875e+02 1.632322265625000000e+03 3.482695922851562500e+02 3.063973999023437500e+02 3.822410583496093750e+02 5.506618041992187500e+02 1.181658020019531250e+02 2.725049743652343750e+02 3.685300292968750000e+02
1.011816177368164062e+02 5.032052612304687500e+02 6.935543823242187500e+01 1.306400146484375000e+02 1.499275665283203125e+02 3.507877685546875000e+03 1.675389251708984375e+02 1.723580932617187500e+02 1.629423583984375000e+03 3.392160034179687500e+02 2.944975280761718750e+02 3.807710571289062500e+02 5.506164550781250000e+02 1.144233551025390625e+02 2.741645507812500000e+02 3.596707763671875000e+02
1.002562942504882812e+02 5.018942260742187500e+02 6.651141357421875000e+01 1.217550201416015625e+02 1.510366516113281250e+02 3.391514404296875000e+03 1.638342742919921875e+02 1.692093200683593750e+02 1.613110595703125000e+03 3.398332214355468750e+02 2.913407897949218750e+02 3.804400634765625000e+02 5.450186157226562500e+02 1.127439346313476562e+02 2.747318725585937500e+02 3.538150634765625000e+02
9.437065124511718750e+01 5.007556457519531250e+02 6.298048019409179688e+01 1.156737213134765625e+02 1.513606567382812500e+02 3.049251464843750000e+03 1.596683959960937500e+02 1.692986755371093750e+02 1.599123901367187500e+03 3.438549194335937500e+02 2.913384704589843750e+02 3.785329895019531250e+02 5.350615844726562500e+02 1.124078979492187500e+02 2.709367370605468750e+02 3.526701354980468750e+02
8.797746276855468750e+01 5.029182128906250000e+02 5.904860305786132812e+01 1.082088623046875000e+02 1.519755249023437500e+02 2.812572265625000000e+03 1.603560028076171875e+02 1.682697906494140625e+02 1.576293457031250000e+03 3.499287414550781250e+02 2.940455322265625000e+02 3.771660156250000000e+02 5.339888916015625000e+02 1.103396224975585938e+02 2.677635803222656250e+02 3.495612792968750000e+02
8.342645263671875000e+01 5.030806274414062500e+02 5.662496566772460938e+01 1.021657257080078125e+02 1.508306274414062500e+02 2.601209472656250000e+03 1.580003051757812500e+02 1.675467834472656250e+02 1.537293090820312500e+03 3.494284667968750000e+02 2.981331787109375000e+02 3.702235717773437500e+02 5.330536499023437500e+02 1.087625732421875000e+02 2.536257476806640625e+02 3.441025390625000000e+02
6.808651733398437500e+01 4.532821044921875000e+02 3.725527191162109375e+01 7.434532165527343750e+01 1.337434082031250000e+02 2.268301025390625000e+03 1.428917236328125000e+02 1.441110076904296875e+02 1.226035644531250000e+03 3.096087036132812500e+02 2.684262390136718750e+02 3.309287109375000000e+02 4.321760559082031250e+02 9.797552490234375000e+01 2.113866882324218750e+02 3.169232177734375000e+02
3.061304473876953125e+01 2.792138061523437500e+02 -1.454529571533203125e+01 -9.177642822265625000e+00 1.114943389892578125e+02 2.059048828125000000e+03 9.138258361816406250e+01 7.662684631347656250e+01 8.797253417968750000e+02 2.040087890625000000e+02 1.475916748046875000e+02 2.885645751953125000e+02 2.309225463867187500e+02 6.512814331054687500e+01 1.352368011474609375e+02 2.246012115478515625e+02
4.887665557861328125e+01 3.636116943359375000e+02 4.605972290039062500e+00 3.629301452636718750e+01 1.320543975830078125e+02 2.194039794921875000e+03 1.134610977172851562e+02 1.056008224487304688e+02 9.905089721679687500e+02 2.489651336669921875e+02 2.107268371582031250e+02 3.210596618652343750e+02 3.027867126464843750e+02 8.104814147949218750e+01 1.510466308593750000e+02 2.683717956542968750e+02
9.419823455810546875e+01 5.694836425781250000e+02 6.302048873901367188e+01 1.450168304443359375e+02 1.604241027832031250e+02 2.674262695312500000e+03 1.732513885498046875e+02 1.835065917968750000e+02 1.465766235351562500e+03 3.805572204589843750e+02 3.641995544433593750e+02 3.791697692871093750e+02 5.611273803710937500e+02 1.206374740600585938e+02 2.373162994384765625e+02 3.789828796386718750e+02
1.037095794677734375e+02 6.062389526367187500e+02 7.335582733154296875e+01 1.667744445800781250e+02 1.653343048095703125e+02 3.091727783203125000e+03 1.823703308105468750e+02 1.965350646972656250e+02 1.604112670898437500e+03 4.123602294921875000e+02 3.926988525390625000e+02 3.869035034179687500e+02 6.069956054687500000e+02 1.287493438720703125e+02 2.609145812988281250e+02 4.044562377929687500e+02
1.057381134033203125e+02 6.040845947265625000e+02 7.262200927734375000e+01 1.681521301269531250e+02 1.649414367675781250e+02 3.167727539062500000e+03 1.807404022216796875e+02 1.956924591064453125e+02 1.607883422851562500e+03 4.087566833496093750e+02 3.911295166015625000e+02 3.855120239257812500e+02 6.069040527343750000e+02 1.299652404785156250e+02 2.568787231445312500e+02 4.087757568359375000e+02
1.056776199340820312e+02 5.911653442382812500e+02 7.019606781005859375e+01 1.665660095214843750e+02 1.638089599609375000e+02 3.194012451171875000e+03 1.785361022949218750e+02 1.922970275878906250e+02 1.590943237304687500e+03 4.073959350585937500e+02 3.816451110839843750e+02 3.806726989746093750e+02 5.975863037109375000e+02 1.301749877929687500e+02 2.507890167236328125e+02 4.091260681152343750e+02
1.046669769287109375e+02 5.779086303710937500e+02 6.713383483886718750e+01 1.643486480712890625e+02 1.613265991210937500e+02 3.221300781250000000e+03 1.744986114501953125e+02 1.859043273925781250e+02 1.544184082031250000e+03 4.079331970214843750e+02 3.718302307128906250e+02 3.737105712890625000e+02 5.872210693359375000e+02 1.303117523193359375e+02 2.452619476318359375e+02 4.077680664062500000e+02
1.044605789184570312e+02 5.695067749023437500e+02 6.564268493652343750e+01 1.644949951171875000e+02 1.593974304199218750e+02 3.268795898437500000e+03 1.735918121337890625e+02 1.846775207519531250e+02 1.521695190429687500e+03 4.109287109375000000e+02 3.665703735351562500e+02 3.705830078125000000e+02 5.720510253906250000e+02 1.294921417236328125e+02 2.400189208984375000e+02 4.091656188964843750e+02
1.034403839111328125e+02 5.612755126953125000e+02 6.446091461181640625e+01 1.648588256835937500e+02 1.565760650634765625e+02 3.286539306640625000e+03 1.726175842285156250e+02 1.819723052978515625e+02 1.511238525390625000e+03 4.117064819335937500e+02 3.578193054199218750e+02 3.655001831054687500e+02 5.597915039062500000e+02 1.286069030761718750e+02 2.352922821044921875e+02 4.117589111328125000e+02
1.030946197509765625e+02 5.555431518554687500e+02 6.386423873901367188e+01 1.650393066406250000e+02 1.549185485839843750e+02 3.308140625000000000e+03 1.709761962890625000e+02 1.801820983886718750e+02 1.498239257812500000e+03 4.117235107421875000e+02 3.525963439941406250e+02 3.604627990722656250e+02 5.528304443359375000e+02 1.294689788818359375e+02 2.365229034423828125e+02 4.164654541015625000e+02
1.024174804687500000e+02 5.462977294921875000e+02 6.287350845336914062e+01 1.669403991699218750e+02 1.535292816162109375e+02 3.341508300781250000e+03 1.681846618652343750e+02 1.800751342773437500e+02 1.493164184570312500e+03 4.123785095214843750e+02 3.501724853515625000e+02 3.554673156738281250e+02 5.418133544921875000e+02 1.307845611572265625e+02 2.372648468017578125e+02 4.216470031738281250e+02
1.043380737304687500e+02 5.372706298828125000e+02 6.098353576660156250e+01 1.683901367187500000e+02 1.504061279296875000e+02 3.390523681640625000e+03 1.676130218505859375e+02 1.781954345703125000e+02 1.473465576171875000e+03 4.105546569824218750e+02 3.449327392578125000e+02 3.468310241699218750e+02 5.234716796875000000e+02 1.310733032226562500e+02 2.374005737304687500e+02 4.246557617187500000e+02
1.057282714843750000e+02 5.333788452148437500e+02 6.122877502441406250e+01 1.714603424072265625e+02 1.473148651123046875e+02 3.440029052734375000e+03 1.669128417968750000e+02 1.774724731445312500e+02 1.487692504882812500e+03 3.999941101074218750e+02 3.425453491210937500e+02 3.409637756347656250e+02 5.026544189453125000e+02 1.294944915771484375e+02 2.330561676025390625e+02 4.223548278808593750e+02
9.250033569335937500e+01 4.628435974121093750e+02 4.868119049072265625e+01 1.389285736083984375e+02 1.236908035278320312e+02 3.297879150390625000e+03 1.491943359375000000e+02 1.510667572021484375e+02 1.451708007812500000e+03 3.719447631835937500e+02 2.921158447265625000e+02 2.892660522460937500e+02 4.850872192382812500e+02 1.129468994140625000e+02 2.149209594726562500e+02 3.774259033203125000e+02
8.509405517578125000e+01 4.156217041015625000e+02 4.234555435180664062e+01 1.204217681884765625e+02 1.173676147460937500e+02 3.174873046875000000e+03 1.376012878417968750e+02 1.349471435546875000e+02 1.507611694335937500e+03 3.782548828125000000e+02 2.599762878417968750e+02 2.668492431640625000e+02 5.167498168945312500e+02 1.019302062988281250e+02 2.069510498046875000e+02 3.496313781738281250e+02
8.470971679687500000e+01 4.061355590820312500e+02 4.330411148071289062e+01 1.211605682373046875e+02 1.173966369628906250e+02 3.202192382812500000e+03 1.339902343750000000e+02 1.331671142578125000e+02 1.624803222656250000e+03 4.053989868164062500e+02 2.538922882080078125e+02 2.737392272949218750e+02 5.642540893554687500e+02 9.955210113525390625e+01 2.107181854248046875e+02 3.457825317382812500e+02
8.515907287597656250e+01 4.016474609375000000e+02 4.395901489257812500e+01 1.241416320800781250e+02 1.152103729248046875e+02 3.155916992187500000e+03 1.349116821289062500e+02 1.317190551757812500e+02 1.695129638671875000e+03 4.264088134765625000e+02 2.523809967041015625e+02 2.823975219726562500e+02 5.964870605468750000e+02 9.897285461425781250e+01 2.107232208251953125e+02 3.437725830078125000e+02
8.083032226562500000e+01 3.957343750000000000e+02 4.191935729980468750e+01 1.218246154785156250e+02 1.110970153808593750e+02 3.162338378906250000e+03 1.342991333007812500e+02 1.280641174316406250e+02 1.712848510742187500e+03 4.205244140625000000e+02 2.451183319091796875e+02 2.865576477050781250e+02 5.953237304687500000e+02 9.659652709960937500e+01 2.060903778076171875e+02 3.401886901855468750e+02
7.695208740234375000e+01 3.914234313964843750e+02 3.863623809814453125e+01 1.161947174072265625e+02 1.069050216674804688e+02 3.183635009765625000e+03 1.297803039550781250e+02 1.219096755981445312e+02 1.669022827148437500e+03 4.058108215332031250e+02 2.396644439697265625e+02 2.949609375000000000e+02 5.770169677734375000e+02 9.264257812500000000e+01 1.996764068603515625e+02 3.367154541015625000e+02
7.201271057128906250e+01 3.898954467773437500e+02 3.759556579589843750e+01 1.110489959716796875e+02 1.041229553222656250e+02 3.137607177734375000e+03 1.258744201660156250e+02 1.195948944091796875e+02 1.604586791992187500e+03 3.923108825683593750e+02 2.344340972900390625e+02 3.015503540039062500e+02 5.516898193359375000e+02 9.079019165039062500e+01 1.937178192138671875e+02 3.366752929687500000e+02
7.013575744628906250e+01 3.921500244140625000e+02 3.665984725952148438e+01 1.066335754394531250e+02 1.020831298828125000e+02 3.101242675781250000e+03 1.245963516235351562e+02 1.176814727783203125e+02 1.538651367187500000e+03 3.713211669921875000e+02 2.317093963623046875e+02 3.013624572753906250e+02 5.217161865234375000e+02 9.083678436279296875e+01 1.859238891601562500e+02 3.389071960449218750e+02
6.923119354248046875e+01 4.015870361328125000e+02 3.726905441284179688e+01 1.077407684326171875e+02 1.052172012329101562e+02 3.132768310546875000e+03 1.240858078002929688e+02 1.216178131103515625e+02 1.488200073242187500e+03 3.583029479980468750e+02 2.343860015869140625e+02 3.088552246093750000e+02 5.017258911132812500e+02 9.009173583984375000e+01 1.762435607910156250e+02 3.411996459960937500e+02
6.861207580566406250e+01 4.057694091796875000e+02 3.936215591430664062e+01 1.101020660400390625e+02 1.082615814208984375e+02 3.151488281250000000e+03 1.219981842041015625e+02 1.242432708740234375e+02 1.426533935546875000e+03 3.499653930664062500e+02 2.357385253906250000e+02 3.146780700683593750e+02 4.933209533691406250e+02 9.019891357421875000e+01 1.725525817871093750e+02 3.431285095214843750e+02
6.859187316894531250e+01 4.111929931640625000e+02 4.222040939331054688e+01 1.160051574707031250e+02 1.095258712768554688e+02 3.228071289062500000e+03 1.198366851806640625e+02 1.247952880859375000e+02 1.393974853515625000e+03 3.495565490722656250e+02 2.375432281494140625e+02 3.198020629882812500e+02 4.950728454589843750e+02 9.148086547851562500e+01 1.734991455078125000e+02 3.466521606445312500e+02
7.192076110839843750e+01 4.173684692382812500e+02 4.612573242187500000e+01 1.227629394531250000e+02 1.094144287109375000e+02 3.272348632812500000e+03 1.204307022094726562e+02 1.269732589721679688e+02 1.366834472656250000e+03 3.468766479492187500e+02 2.412713012695312500e+02 3.246604919433593750e+02 5.007656250000000000e+02 9.236650085449218750e+01 1.801010284423828125e+02 3.540634155273437500e+02
7.553688049316406250e+01 4.332978515625000000e+02 5.228617858886718750e+01 1.311231994628906250e+02 1.123924865722656250e+02 3.402558593750000000e+03 1.259259948730468750e+02 1.320342407226562500e+02 1.381178955078125000e+03 3.487061157226562500e+02 2.502014770507812500e+02 3.272715454101562500e+02 5.150546264648437500e+02 9.364535522460937500e+01 1.930928955078125000e+02 3.631376037597656250e+02
7.987419891357421875e+01 4.721249389648437500e+02 5.594046783447265625e+01 1.363189086914062500e+02 1.191872406005859375e+02 3.354598632812500000e+03 1.361878967285156250e+02 1.430436553955078125e+02 1.301332763671875000e+03 3.463328552246093750e+02 2.662581176757812500e+02 3.276952514648437500e+02 5.144000854492187500e+02 9.956999206542968750e+01 2.083464965820312500e+02 3.812656860351562500e+02
8.627563476562500000e+01 4.814244995117187500e+02 5.870076370239257812e+01 1.354918975830078125e+02 1.194353179931640625e+02 3.350505615234375000e+03 1.405791320800781250e+02 1.455885314941406250e+02 1.314251464843750000e+03 3.420935668945312500e+02 2.667989501953125000e+02 3.278492431640625000e+02 5.187247924804687500e+02 9.977647399902343750e+01 2.123870544433593750e+02 3.880218200683593750e+02
9.020220184326171875e+01 4.805498962402343750e+02 5.831419754028320312e+01 1.311484527587890625e+02 1.191641921997070312e+02 3.227454589843750000e+03 1.423420257568359375e+02 1.448777465820312500e+02 1.337980957031250000e+03 3.459758911132812500e+02 2.651192016601562500e+02 3.268158569335937500e+02 5.290665283203125000e+02 9.810168457031250000e+01 2.102093048095703125e+02 3.854123229980468750e+02
8.803977966308593750e+01 4.816259155273437500e+02 5.899076080322265625e+01 1.280139770507812500e+02 1.198863067626953125e+02 3.217917480468750000e+03 1.425430145263671875e+02 1.440085906982421875e+02 1.384495849609375000e+03 3.497531127929687500e+02 2.645275268554687500e+02 3.235446166992187500e+02 5.381943359375000000e+02 1.004094772338867188e+02 2.095606842041015625e+02 3.792052612304687500e+02
8.924018859863281250e+01 4.819594421386718750e+02 6.208186340332031250e+01 1.269803848266601562e+02 1.203627090454101562e+02 3.211412841796875000e+03 1.427762298583984375e+02 1.444832000732421875e+02 1.415798095703125000e+03 3.470585632324218750e+02 2.632137145996093750e+02 3.241785888671875000e+02 5.474492797851562500e+02 1.067224044799804688e+02 2.164765777587890625e+02 3.725945739746093750e+02
9.208583068847656250e+01 4.900409545898437500e+02 6.518135070800781250e+01 1.298167114257812500e+02 1.214947204589843750e+02 3.236693359375000000e+03 1.432404022216796875e+02 1.480488433837890625e+02 1.430121337890625000e+03 3.355315246582031250e+02 2.671265869140625000e+02 3.274470825195312500e+02 5.507939453125000000e+02 1.137162551879882812e+02 2.286200256347656250e+02 3.717807006835937500e+02
9.329214477539062500e+01 4.936284179687500000e+02 6.617476654052734375e+01 1.320463562011718750e+02 1.233733673095703125e+02 3.249080566406250000e+03 1.459965667724609375e+02 1.472334136962890625e+02 1.432885009765625000e+03 3.285884094238281250e+02 2.725176391601562500e+02 3.274946594238281250e+02 5.493030395507812500e+02 1.177746887207031250e+02 2.426505889892578125e+02 3.737645263671875000e+02
9.623403930664062500e+01 5.010475463867187500e+02 6.694529724121093750e+01 1.370202636718750000e+02 1.255359725952148438e+02 3.281494140625000000e+03 1.497135314941406250e+02 1.475428619384765625e+02 1.442095581054687500e+03 3.328040466308593750e+02 2.794937744140625000e+02 3.299617309570312500e+02 5.493724365234375000e+02 1.235780334472656250e+02 2.538094787597656250e+02 3.803208923339843750e+02
9.954015350341796875e+01 5.098985595703125000e+02 6.663994598388671875e+01 1.455294189453125000e+02 1.269764633178710938e+02 3.282713867187500000e+03 1.533779449462890625e+02 1.474625244140625000e+02 1.511749145507812500e+03 3.341967163085937500e+02 2.892300109863281250e+02 3.311173400878906250e+02 5.513313598632812500e+02 1.274332580566406250e+02 2.629583740234375000e+02 3.900046691894531250e+02
1.010919265747070312e+02 5.140897216796875000e+02 6.594313049316406250e+01 1.512425842285156250e+02 1.277108230590820312e+02 3.301966064453125000e+03 1.550680999755859375e+02 1.468104553222656250e+02 1.572651123046875000e+03 3.329210205078125000e+02 2.941987915039062500e+02 3.289901733398437500e+02 5.527180786132812500e+02 1.271930541992187500e+02 2.634255371093750000e+02 3.980270996093750000e+02
1.046638183593750000e+02 5.184824829101562500e+02 6.708901214599609375e+01 1.555296630859375000e+02 1.296747131347656250e+02 3.305195800781250000e+03 1.577849121093750000e+02 1.483038940429687500e+02 1.600001586914062500e+03 3.290632934570312500e+02 2.986203613281250000e+02 3.293325805664062500e+02 5.526520996093750000e+02 1.316981964111328125e+02 2.669367675781250000e+02 4.012153930664062500e+02
1.077282791137695312e+02 5.282904663085937500e+02 6.826885223388671875e+01 1.616557312011718750e+02 1.357319641113281250e+02 3.346457275390625000e+03 1.619526977539062500e+02 1.481659851074218750e+02 1.642814941406250000e+03 3.339087829589843750e+02 3.069539184570312500e+02 3.316105346679687500e+02 5.547536010742187500e+02 1.371801910400390625e+02 2.641845703125000000e+02 4.099363098144531250e+02
1.069285583496093750e+02 5.353340454101562500e+02 6.715453338623046875e+01 1.648903656005859375e+02 1.399490051269531250e+02 3.338413085937500000e+03 1.628906250000000000e+02 1.459024658203125000e+02 1.676055053710937500e+03 3.379595947265625000e+02 3.076294250488281250e+02 3.321353759765625000e+02 5.522429199218750000e+02 1.363743591308593750e+02 2.651743774414062500e+02 4.157365722656250000e+02
1.035468139648437500e+02 5.320260620117187500e+02 6.350860595703125000e+01 1.681990661621093750e+02 1.421043701171875000e+02 3.305192871093750000e+03 1.611511230468750000e+02 1.457494506835937500e+02 1.673574951171875000e+03 3.398438110351562500e+02 3.055730590820312500e+02 3.261601867675781250e+02 5.485108642578125000e+02 1.354496002197265625e+02 2.643476562500000000e+02 4.144447631835937500e+02
9.906211853027343750e+01 5.263062744140625000e+02 6.023321533203125000e+01 1.693960571289062500e+02 1.435170593261718750e+02 3.254180175781250000e+03 1.597221832275390625e+02 1.432580261230468750e+02 1.678663940429687500e+03 3.408322143554687500e+02 3.030343322753906250e+02 3.197986755371093750e+02 5.484134521484375000e+02 1.360550842285156250e+02 2.585168457031250000e+02 4.133086853027343750e+02
9.539929962158203125e+01 5.328429565429687500e+02 6.128075408935546875e+01 1.756142883300781250e+02 1.492922973632812500e+02 3.277246826171875000e+03 1.591561584472656250e+02 1.449339294433593750e+02 1.661150878906250000e+03 3.455939636230468750e+02 3.048560791015625000e+02 3.282938842773437500e+02 5.528018188476562500e+02 1.348875427246093750e+02 2.583084411621093750e+02 4.153628845214843750e+02
9.588093566894531250e+01 5.369371337890625000e+02 6.331544494628906250e+01 1.774989013671875000e+02 1.550699768066406250e+02 3.200337158203125000e+03 1.590281219482421875e+02 1.463030853271484375e+02 1.626470581054687500e+03 3.630672607421875000e+02 3.096464233398437500e+02 3.412225036621093750e+02 5.570280151367187500e+02 1.320334625244140625e+02 2.593189392089843750e+02 4.197730407714843750e+02
